2.8413778726699146e-05,-0.9959716676514832,0.08942473120826394,0.5203168551102353,-0.9999057059670708,0.0010469302361216792,0.01197846586631298,-0.04430746510064499,-0.01202383407973711,-0.08941663934319338,-0.9959215500248095,0.020503695959486756,0.0,0.0,0.0,1.0,0.3393023566096906,-0.7908371306729115,3.712051956743199
2.8413778726699146e-05,-0.9959716676514832,0.08942473120826394,0.5203168551102353,-0.9999057059670708,0.0010469302361216792,0.01197846586631298,-0.04430746510064499,-0.01202383407973711,-0.08941663934319338,-0.9959215500248095,0.020503695959486756,0.0,0.0,0.0,1.0,0.3393023566096906,-0.7908371306729115,3.712051956743199
5.959739938704578e-05,-0.9959420657470726,0.08975381240851543,0.5203191703133436,-0.9999194775424856,0.0009116032490969483,0.010779923157135406,-0.04430761101596824,-0.010817998804722562,-0.08974722766635483,-0.9959056413209352,0.020539740917904337,0.0,0.0,0.0,1.0,0.34190646299441246,-1.3791058411491601,4.048117041166671
8.452259375801852e-05,-0.9959598343980229,0.08955639721601139,0.5203236477586489,-0.9999411346126407,0.0006847252363301193,0.008558966260297209,-0.04430788957108135,-0.00858570814447248,-0.08955184887002683,-0.9959449762985118,0.020609344825536946,0.0,0.0,0.0,1.0,0.3710300477566569,-1.7810160025977335,3.706879284443635
0.00010878587830809305,-0.995983918094718,0.08928811853454621,0.5203275945518335,-0.9999618008616685,0.00039972412218042264,0.005677382791826217,-0.04430813036463852,-0.005690272572328972,-0.08928532542442856,-0.9959896581858648,0.020670780081684825,0.0,0.0,0.0,1.0,0.05818851623476426,-1.6574737162309923,3.5731454516772114
0.000133892927883128,-0.9960077880024172,0.0890214090404825,0.5203289379656844,-0.9999740850302883,0.0001153510411589509,0.002794731563134603,-0.044308211939562074,-0.002793843114476502,-0.089019476248155,-0.9960257919391131,0.020691710658457707,0.0,0.0,0.0,1.0,0.21517375072108402,-1.7514499514255646,3.8344240764764255
0.00015834993078572834,-0.9960315773240601,0.08875479011959297,0.5203314285943411,-0.9999779790649754,-0.0001668323229921942,-8.815481783186474e-05,-0.04430836786441599,0.00010261215006611424,-0.08875282169681722,-0.9960535023077601,0.020730519111677503,0.0,0.0,0.0,1.0,0.3832300263161748,-1.653549599767633,3.6207553055524038
0.00018235189755255732,-0.9960303337839003,0.0887686989276234,0.520333636534858,-0.9999742275827297,-0.00042481768075830484,-0.0027126081347057032,-0.044308496165303926,0.0027395504986382144,-0.08876591649443337,-0.9960485730363778,0.02076498351850975,0.0,0.0,0.0,1.0,0.77840109657986,-1.4144350274186193,3.633510593654324
0.0001980991271467447,-0.9959307674364585,0.08987890151329059,0.520335014014947,-0.9999672103287934,-0.0006143686357893974,-0.004603908122587791,-0.04430857797586699,0.004640392527844768,-0.08987504238348087,-0.9959420601082991,0.020786571142139942,0.0,0.0,0.0,1.0,0.9116739198216611,-0.8660241580986692,3.864832634457434
0.0001980991271467447,-0.9959307674364585,0.08987890151329059,0.520335014014947,-0.9999672103287934,-0.0006143686357893974,-0.004603908122587791,-0.04430857797586699,0.004640392527844768,-0.08987504238348087,-0.9959420601082991,0.020786571142139942,0.0,0.0,0.0,1.0,1.0149071565764582,-0.8329480837620193,3.861553850152238
0.00020783620709929895,-0.9958024645577631,0.09128948098029627,0.5203380121123931,-0.999957690091386,-0.0007884219339011067,-0.006323954196275586,-0.04430879375396547,0.006369383803540962,-0.09128430418404447,-0.9958043172559915,0.020833313162277545,0.0,0.0,0.0,1.0,0.9791472605016462,-0.7315007134130513,3.4922287276957986
0.00021173977151606183,-0.9956773365481161,0.09264431212860036,0.5203418520587433,-0.9999455743488282,-0.000956581574748705,-0.0079956440649206,-0.04430908536045841,0.008049703428534394,-0.09263757690573815,-0.9956671638184145,0.020893108135343952,0.0,0.0,0.0,1.0,1.0178921484660335,-1.0624190075791011,3.524695501495795
0.00021155984344645162,-0.9955465904329566,0.0940389541413219,0.5203433681317832,-0.9999301384845819,-0.0011304056156530295,-0.009717958017217455,-0.04430920010363636,0.00978098213186293,-0.09403032850780044,-0.9955210878710614,0.020916715972560285,0.0,0.0,0.0,1.0,0.9880653445574131,-1.3418913786637332,3.609362262822383
0.00021155984344645162,-0.9955465904329566,0.0940389541413219,0.5203433681317832,-0.9999301384845819,-0.0011304056156530295,-0.009717958017217455,-0.04430920010363636,0.00978098213186293,-0.09403032850780044,-0.9955210878710614,0.020916715972560285,0.0,0.0,0.0,1.0,0.9253407114500825,-1.562875492181047,3.3979521673605504
0.00020203984096589522,-0.9953050314499351,0.09656219804061095,0.5203443022683009,-0.9998922323968376,-0.0014655529923006116,-0.01301450803172139,-0.04430928967471815,0.013094922344099452,-0.09654916231483904,-0.9952418623079811,0.02093122656618457,0.0,0.0,0.0,1.0,0.8396141162527291,-1.604062613591299,2.968940646834543
0.00018464916459315361,-0.9951681196329152,0.09796323853522398,0.5203402016049695,-0.9998533020934226,-0.0017306096879688981,-0.01569663480330896,-0.0443088984664965,0.01579032667144743,-0.09794596916270601,-0.9950662387758629,0.020868150154940646,0.0,0.0,0.0,1.0,0.6443344250593885,-1.5895855053691543,2.999878689965065
0.00018464916459315361,-0.9951681196329152,0.09796323853522398,0.5203402016049695,-0.9998533020934226,-0.0017306096879688981,-0.01569663480330896,-0.0443088984664965,0.01579032667144743,-0.09794596916270601,-0.9950662387758629,0.020868150154940646,0.0,0.0,0.0,1.0,0.6491875027102977,-1.4583587692775002,2.8995342958089445
0.00017235081838273825,-0.9950984925580029,0.09866804465452911,0.520334514830036,-0.9998310841188954,-0.0018626208300633884,-0.017039391678726135,-0.04430833146398853,0.01713965412884089,-0.09864844130172863,-0.9949745102741432,0.020781095694339002,0.0,0.0,0.0,1.0,0.5461990408023695,-1.3118018015792112,3.2278742110527068
0.00015793230338434494,-0.9950283695528267,0.09937277099910863,0.5203283796624855,-0.99980704551169,-0.0019944212848290177,-0.018382141263767252,-0.04430770152894589,0.018488943220189125,-0.09935069344301756,-0.9948804698387226,0.020687520028907336,0.0,0.0,0.0,1.0,0.5461990408023695,-1.3118018015792112,3.2278742110527068
0.00014102705319324338,-0.9949577525595992,0.100077398502456,0.5203238982556988,-0.9997811863241284,-0.002125645969499268,-0.019724919310203183,-0.04430722988167175,0.019838190505063913,-0.10005271845177321,-0.9947841182222332,0.020619383271923808,0.0,0.0,0.0,1.0,0.5196412669336623,-1.1006049773181825,3.5701717356039144
0.00014102705319324338,-0.9949577525595992,0.100077398502456,0.5203238982556988,-0.9997811863241284,-0.002125645969499268,-0.019724919310203183,-0.04430722988167175,0.019838190505063913,-0.10005271845177321,-0.9947841182222332,0.020619383271923808,0.0,0.0,0.0,1.0,0.5635098499843061,-1.1843969022917469,3.9841174084224917
0.00013780204901348014,-0.9949799759781468,0.09985620373865611,0.5203268204760116,-0.9996979268561687,-0.002500167876169024,-0.02353343983144901,-0.044307600120426296,0.023664958671001896,-0.09982279690503272,-0.9947235373633239,0.02066327961650588,0.0,0.0,0.0,1.0,0.24914473742537235,-1.6505755899231394,3.643718478376953
0.0001497521316833339,-0.9950604773533596,0.09905074429476374,0.520329874189156,-0.9996385054773763,-0.0027296698491786064,-0.02591198632188129,-0.04430798325638946,0.026054369308865025,-0.0990110576180515,-0.9947449517436657,0.0207092050503907,0.0,0.0,0.0,1.0,0.34192489674922777,-1.318213747495566,3.5529769336804033
0.00016161076243670358,-0.9951392489685306,0.09825613521173626,0.5203308465511001,-0.9995746361181698,-0.0029511602292346395,-0.028246536285155256,-0.04430811415937545,0.028399206503286922,-0.09820977565638375,-0.9947602048137756,0.020723831117232472,0.0,0.0,0.0,1.0,0.3431976125106661,-1.046322752991095,3.2966254412595766
0.00016703670574202967,-0.9952004711726073,0.09763405131635677,0.5203296936410342,-0.9995315371170612,-0.003083238349636641,-0.029719236798245657,-0.04430792516717976,0.029877627515753357,-0.0975833491837922,-0.9947785477118436,0.020706562971716802,0.0,0.0,0.0,1.0,0.5609120533536316,-0.8873950873654771,3.3290633670321603
0.00016551603905362589,-0.9952472091701372,0.09715644522822281,0.5203274182896349,-0.9994811457717538,-0.003226861596796138,-0.03135385287881838,-0.044307563662497426,0.031518344976363244,-0.0971008456302773,-0.9947751309015868,0.020672274419468673,0.0,0.0,0.0,1.0,0.2626574109601332,-0.47928386073568496,3.6788267309459846
0.00016551603905362589,-0.9952472091701372,0.09715644522822281,0.5203274182896349,-0.9994811457717538,-0.003226861596796138,-0.03135385287881838,-0.044307563662497426,0.031518344976363244,-0.0971008456302773,-0.9947751309015868,0.020672274419468673,0.0,0.0,0.0,1.0,0.16804448070111183,-0.6663272832369254,3.67326950236569
0.00016269949853980892,-0.9952901466586124,0.09671557960225685,0.5203278562818555,-0.999426608710837,-0.0033730692363023174,-0.03303208196629558,-0.044307642544527855,0.033202734050901184,-0.09665474942821495,-0.9947637801122293,0.020678877029894793,0.0,0.0,0.0,1.0,0.3566888618918492,-0.644752964073561,3.6700769357978382
0.0001506164518461084,-0.9953617472531802,0.0959758771363679,0.5203317659967794,-0.9993091294573886,-0.0036594887375260288,-0.0363857720056958,-0.04430832754538699,0.03656822824019995,-0.09590408993417596,-0.9947184056824596,0.020737827354960048,0.0,0.0,0.0,1.0,0.24027989774593822,-0.7028647158336938,3.664785544964896
0.00013573572736413908,-0.9953695939123866,0.09589448355134128,0.5203336292897549,-0.9992688193714907,-0.0037457982127952483,-0.03746800800776264,-0.044308693054081326,0.037653717300496284,-0.09581928161526795,-0.9946860793236989,0.020766078483635486,0.0,0.0,0.0,1.0,0.2200342318959213,-0.691554616978004,3.8574606905243805
0.00011142510627443203,-0.9953521859272454,0.09607504340203826,0.5203363601591782,-0.9992273290673863,-0.0038326980533305854,-0.03855016066065132,-0.04430935465639932,0.03873921331324645,-0.0959965135529035,-0.9946273026356831,0.02081395576972417,0.0,0.0,0.0,1.0,0.13756174385064168,-0.4921051779079149,3.9842823850773
8.801272984965136e-05,-0.9953351417790796,0.09625149192168753,0.5203386321801265,-0.9991740040219412,-0.003946361706355539,-0.03989737063116986,-0.04431042811402576,0.04009109825568727,-0.09616847709997499,-0.994557112547876,0.02088736304047384,0.0,0.0,0.0,1.0,-0.3470936520161695,-0.5112703945017876,3.868693207396572
8.801272984965136e-05,-0.9953351417790796,0.09625149192168753,0.5203386321801265,-0.9991740040219412,-0.003946361706355539,-0.03989737063116986,-0.04431042811402576,0.04009109825568727,-0.09616847709997499,-0.994557112547876,0.02088736304047384,0.0,0.0,0.0,1.0,-0.34569713309697303,-0.5058430510797456,3.844087396677185
6.694610054280847e-05,-0.9953180705085249,0.09642788723618884,0.5203375046903677,-0.9991189916988603,-0.004062498017846361,-0.04124082444147978,-0.04431147969265838,0.04143947591003661,-0.09634017255469307,-0.9944852220935975,0.02095727683085602,0.0,0.0,0.0,1.0,-0.2825270926268063,-0.5356181763728928,3.8953051672682557
4.5942598209669505e-05,-0.9953009694018967,0.0966042602298533,0.520331719609344,-0.9990621635852002,-0.004179157841233183,-0.04258405747686148,-0.04431240137534965,0.04278767813942242,-0.0965117048145422,-0.9944114917649786,0.02101707125694663,0.0,0.0,0.0,1.0,-0.3737035819326043,-0.5965123466987768,3.9565834670647604
2.0525054824582778e-05,-0.9953025342681994,0.0965881442965218,0.520301581529628,-0.9989739927850649,-0.004347466391692756,-0.04458859701369642,-0.04431461587533417,0.044799057318360605,-0.09648812898019822,-0.9943251919757965,0.021153630128611323,0.0,0.0,0.0,1.0,-0.4685226699915096,-0.8433043956416516,3.6873930595446915
2.0525054824582778e-05,-0.9953025342681994,0.0965881442965218,0.520301581529628,-0.9989739927850649,-0.004347466391692756,-0.04458859701369642,-0.04431461587533417,0.044799057318360605,-0.09648812898019822,-0.9943251919757965,0.021153630128611323,0.0,0.0,0.0,1.0,-0.21154168492828693,-1.0283252264867213,3.619930270023239
5.7360483935453566e-06,-0.9953368805491056,0.09623354891959085,0.5202357776791906,-0.9989254378005573,-0.004419838750175431,-0.045656551448557195,-0.04431585171137106,0.04586898626401838,-0.09612987809741504,-0.9943111099510886,0.021226652988424854,0.0,0.0,0.0,1.0,-0.09931910438110544,-0.9653458516681971,3.630573750749847
-3.271528282777769e-06,-0.995354000194427,0.09605630920588776,0.5201853577579731,-0.9989005580177991,-0.004454494087325955,-0.046194380587185155,-0.044316225898104376,0.04640764376536652,-0.0959508519931141,-0.9943034067445958,0.0212479707948931,0.0,0.0,0.0,1.0,-0.022781974655319726,-0.8173672023454062,3.542609811119046
-3.271528282777769e-06,-0.995354000194427,0.09605630920588776,0.5201853577579731,-0.9989005580177991,-0.004454494087325955,-0.046194380587185155,-0.044316225898104376,0.04640764376536652,-0.0959508519931141,-0.9943034067445958,0.0212479707948931,0.0,0.0,0.0,1.0,-0.06717991900019957,-0.7650074315443481,3.471580914667619
-1.298848574643463e-05,-0.9953710922507192,0.09587902428332301,0.5201231982657671,-0.9988753873098151,-0.004488250630812929,-0.04673228601601229,-0.044316452114199774,0.0469462956663525,-0.09577180449752225,-0.9942953817383422,0.0212607854656785,0.0,0.0,0.0,1.0,0.07110677792751158,-0.5866031483394124,3.7209353109843484
-2.3875646000426354e-05,-0.9954250874399857,0.09531678104670482,0.5199538259639844,-0.9988127608726359,-0.004576282943902943,-0.04804396056056347,-0.04431682054002195,0.04826036020133388,-0.09520476431534658,-0.9942869249389481,0.021280851130206002,0.0,0.0,0.0,1.0,0.044695654690985465,-0.5268723569863053,3.6442949736965904
-2.3875646000426354e-05,-0.9954250874399857,0.09531678104670482,0.5199538259639844,-0.9988127608726359,-0.004576282943902943,-0.04804396056056347,-0.04431682054002195,0.04826036020133388,-0.09520476431534658,-0.9942869249389481,0.021280851130206002,0.0,0.0,0.0,1.0,-0.1284000494817091,-0.5581651393046534,3.531839123974047
2.2579766883301655e-05,-0.9955932399748355,0.09354399658485663,0.5197157465732938,-0.9986785747941863,-0.004789615473656472,-0.05073727754141473,-0.0443176400266414,0.05096173030847003,-0.09341923955401768,-0.9943215020156295,0.02132404304460439,0.0,0.0,0.0,1.0,-0.05924210184658629,-0.3692521161063075,3.576412228515882
5.728273883676138e-05,-0.9956922257127913,0.09248437159794193,0.5195642097443812,-0.9986088965099853,-0.004894751792405727,-0.05208096386672103,-0.04431785258733726,0.05230929887337146,-0.09235273292558877,-0.9943511523666311,0.021334020702653833,0.0,0.0,0.0,1.0,-0.2688314233012264,-0.4168121282678299,3.771187414323342
5.728273883676138e-05,-0.9956922257127913,0.09248437159794193,0.5195642097443812,-0.9986088965099853,-0.004894751792405727,-0.05208096386672103,-0.04431785258733726,0.05230929887337146,-0.09235273292558877,-0.9943511523666311,0.021334020702653833,0.0,0.0,0.0,1.0,-0.22464940922173274,-0.21845551350380638,3.7469394831069742
9.253358271360534e-05,-0.9957836610843052,0.09149455916876958,0.5193788729915771,-0.9985374020869294,-0.005001309577725654,-0.05342437041751118,-0.044318576439911175,0.053656707780553904,-0.09135579586907308,-0.9943714508612992,0.021367089104581405,0.0,0.0,0.0,1.0,-0.6904267723528112,-0.138927521225514,4.220671396798875
0.00014544684164630173,-0.9959281605559128,0.08990788504526853,0.5189464101249177,-0.9984784947813476,-0.005066363308721955,-0.054508278166774365,-0.04432170523055867,0.05474183521966377,-0.08976316167207135,-0.9944573494212714,0.021502065937895554,0.0,0.0,0.0,1.0,-0.4749924775878616,0.07548295829032539,3.8608356822649963
0.00014544684164630173,-0.9959281605559128,0.08990788504526853,0.5189464101249177,-0.9984784947813476,-0.005066363308721955,-0.054508278166774365,-0.04432170523055867,0.05474183521966377,-0.08976316167207135,-0.9944573494212714,0.021502065937895554,0.0,0.0,0.0,1.0,-0.6955927352265596,0.12240325059594925,3.111159421536342
0.00019114463556252348,-0.9960703749423065,0.08831822628847091,0.5184428518808114,-0.9984717861455495,-0.005035595388453162,-0.05463387795451806,-0.04432352114065821,0.0548639221517236,-0.08817281417876555,-0.9945928967597293,0.021575425318399732,0.0,0.0,0.0,1.0,-0.9232109692262442,0.2380643733802501,3.4029372742974053
0.00020906119029306947,-0.9961306292717922,0.08763593957832405,0.5181762592506106,-0.9984541192266242,-0.005044079857847716,-0.054955037772086573,-0.04432259329138724,0.05518443903521431,-0.08748897589866397,-0.9946355543201202,0.02153915773785875,0.0,0.0,0.0,1.0,-0.891231874490886,0.12545458919049182,3.7992441572789653
0.00020906119029306947,-0.9961306292717922,0.08763593957832405,0.5181762592506106,-0.9984541192266242,-0.005044079857847716,-0.054955037772086573,-0.04432259329138724,0.05518443903521431,-0.08748897589866397,-0.9946355543201202,0.02153915773785875,0.0,0.0,0.0,1.0,-1.0119772093233743,0.4681091558447437,3.6328935459930047
0.0001920226282491333,-0.9961348000443027,0.08758855569313329,0.5179134922072101,-0.9983897006702503,-0.005125539371125087,-0.05610585695721826,-0.0443231995026152,0.05633793519205798,-0.08743673830649377,-0.9945754761337557,0.02156276202765095,0.0,0.0,0.0,1.0,-1.059537141227802,0.4134767146935731,3.9520230599954043
0.0001622773910402997,-0.9961188912987211,0.08776936412845426,0.5176428349708425,-0.9982972661649927,-0.005247866962608871,-0.057716280799857175,-0.044324073063686,0.05795287958657827,-0.08761055021500665,-0.9944673798828794,0.021596370203358417,0.0,0.0,0.0,1.0,-1.2005229687714916,0.32535262773077794,3.5529391789061835
0.0001622773910402997,-0.9961188912987211,0.08776936412845426,0.5176428349708425,-0.9982972661649927,-0.005247866962608871,-0.057716280799857175,-0.044324073063686,0.05795287958657827,-0.08761055021500665,-0.9944673798828794,0.021596370203358417,0.0,0.0,0.0,1.0,-1.1133464276989011,0.6653135233891763,3.658606856912626
0.00010776857208005808,-0.9960882830798291,0.08811615400604728,0.5170962922046903,-0.9981050164259007,-0.005497638366046609,-0.06092872672036356,-0.04432647692511561,0.06117482153805916,-0.08794260913971565,-0.9942450571480945,0.021686016804444097,0.0,0.0,0.0,1.0,-1.119231654324179,1.0238053149963187,3.494205886417522
6.595812591408956e-05,-0.9960657773976918,0.08837024736786903,0.5165060457223339,-0.9979153367154479,-0.005738473747191386,-0.06393922732954252,-0.044327332142406244,0.06419478652076183,-0.08818180784612709,-0.9940334373594495,0.021715558599697427,0.0,0.0,0.0,1.0,-1.5066970698264692,0.8298671471751977,3.802747573107468
6.595812591408956e-05,-0.9960657773976918,0.08837024736786903,0.5165060457223339,-0.9979153367154479,-0.005738473747191386,-0.06393922732954252,-0.044327332142406244,0.06419478652076183,-0.08818180784612709,-0.9940334373594495,0.021715558599697427,0.0,0.0,0.0,1.0,-0.9779708036734077,0.5599532233005954,4.045840818155588
6.767751598890648e-05,-0.9960865226292793,0.08813609312034898,0.5162050002985337,-0.997909413870902,-0.005733261211027796,-0.06403207064366995,-0.04432828555430582,0.06428678982818395,-0.08794750349511397,-0.9940482498443247,0.02174677921981616,0.0,0.0,0.0,1.0,-0.620855215007678,0.3125540579642538,3.6319472146050655
7.650950775578425e-05,-0.9961180149358639,0.08777942674637473,0.5159050961214457,-0.9979955392659181,-0.005600515554294749,-0.06268735900816468,-0.04433060874241589,0.062935617661625,-0.08759868015322107,-0.9941655130111179,0.021823055622262832,0.0,0.0,0.0,1.0,-0.39798281917049294,0.5185863187347599,3.108775602247923
9.006020130603032e-05,-0.9961566024419882,0.08734039850212999,0.5156008877328344,-0.9981426829521811,-0.005378638592547613,-0.06031922617019361,-0.04433208984709825,0.06055716784170197,-0.08717274732937716,-0.9943506653810406,0.021871609058968178,0.0,0.0,0.0,1.0,-0.7094966404298989,0.6410327344256296,3.3990668902321217
9.006020130603032e-05,-0.9961566024419882,0.08734039850212999,0.5156008877328344,-0.9981426829521811,-0.005378638592547613,-0.06031922617019361,-0.04433208984709825,0.06055716784170197,-0.08717274732937716,-0.9943506653810406,0.021871609058968178,0.0,0.0,0.0,1.0,-0.787620514399137,0.6602563569335195,3.5181334477519166
0.00011654740608563197,-0.9962335357041234,0.08645838258658611,0.5149771809787487,-0.9984249573415783,-0.0049325125499677935,-0.055492383331798685,-0.04432996041763203,0.05570983030844463,-0.08631573945249929,-0.9947087731957873,0.021801854212339544,0.0,0.0,0.0,1.0,-0.7427005763098262,0.34570192831989033,4.013850156026188
8.441129820446758e-05,-0.9962197962672699,0.08661659638464919,0.5143494246320423,-0.9986110461503701,-0.004611273437536589,-0.05206561412953155,-0.04433148762039195,0.052268208310810575,-0.08649189500357847,-0.9948802626728773,0.021851587249711313,0.0,0.0,0.0,1.0,-0.9094843671954788,0.48866062527832216,3.536516013079602
8.441129820446758e-05,-0.9962197962672699,0.08661659638464919,0.5143494246320423,-0.9986110461503701,-0.004611273437536589,-0.05206561412953155,-0.04433148762039195,0.052268208310810575,-0.08649189500357847,-0.9948802626728773,0.021851587249711313,0.0,0.0,0.0,1.0,-0.8621899028536835,0.4352378743453264,3.3010880680649812
3.72609870091245e-05,-0.9961579487907106,0.08732507924457028,0.5140310458881812,-0.9986463878869654,-0.0045420487714588065,-0.05138941705978282,-0.04433265092579991,0.05158861105672397,-0.0872049601391316,-0.9948534858707514,0.021889872096369556,0.0,0.0,0.0,1.0,-0.8798873762426611,0.4240843402603114,3.131268698688691
-8.736232265604826e-06,-0.9960959587133251,0.08802940523505759,0.5137043991372217,-0.9986820944048643,-0.00447136440823398,-0.05069702690910965,-0.044332090268919856,0.05089271517239085,-0.08791383369036405,-0.9948269373496774,0.021871338444549637,0.0,0.0,0.0,1.0,-0.8798873762426611,0.4240843402603114,3.131268698688691
-5.388609495865504e-05,-0.9960334750143855,0.08873361511962008,0.5133680815859651,-0.9987174407951795,-0.004400313195567884,-0.050002149334259005,-0.044330545050422186,0.050194270257091556,-0.0886225034253385,-0.9947995429279999,0.021820246096185714,0.0,0.0,0.0,1.0,-0.6925392103736879,0.6626914756069393,2.683529489366187
-5.388609495865504e-05,-0.9960334750143855,0.08873361511962008,0.5133680815859651,-0.9987174407951795,-0.004400313195567884,-0.050002149334259005,-0.044330545050422186,0.050194270257091556,-0.0886225034253385,-0.9947995429279999,0.021820246096185714,0.0,0.0,0.0,1.0,-0.6644732218651402,0.7606617585180746,2.834998475974392
-0.00014513455525694274,-0.9959017902685788,0.09019953061793795,0.5126755428243328,-0.9987960347443294,-0.004239783703237354,-0.04842109672497831,-0.044323610372355396,0.048605083415127516,-0.09009796109133425,-0.9947459183471193,0.021590285376265117,0.0,0.0,0.0,1.0,-0.8103952625826818,0.4222988820859263,2.954194356720833
-0.00020884556828315581,-0.9957965136795874,0.09135437155119885,0.5123279385628909,-0.9988939961645096,-0.004044635020102272,-0.046373636992746214,-0.04432061197029316,0.04654820113443483,-0.09126301819444554,-0.9947380884386354,0.02148988945955166,0.0,0.0,0.0,1.0,-0.45504589497912107,0.6842089193100388,2.9790048831463487
-0.00027009369545100137,-0.9956800867708104,0.09261459676679668,0.5119809683595773,-0.9990028425553765,-0.003820284430441079,-0.04398642238913543,-0.0443179397119361,0.044150218963211654,-0.09253412588752256,-0.9947299789948667,0.021400196199370725,0.0,0.0,0.0,1.0,-0.33554151542380317,0.6553786058563382,2.772984644971894
-0.0003337348331280965,-0.9955398358175187,0.0941100838734315,0.511632833557529,-0.9991097143793636,-0.003588780940202152,-0.041508665644506296,-0.04431474264290574,0.04166127065602185,-0.09404015190660431,-0.9946960956944328,0.021291018515645466,0.0,0.0,0.0,1.0,-0.5822131703529391,0.7567938877720342,2.6555779676757965
-0.00037475421374200124,-0.9954393169565043,0.09516731890544622,0.5112831161404798,-0.9992248602333594,-0.003319833520735671,-0.038661575136700516,-0.044310768837034775,0.03880119160192057,-0.09510803952027039,-0.9947102412362601,0.021155535623406274,0.0,0.0,0.0,1.0,-0.35883046334344787,0.9582217221344416,2.558683053623838
-0.00037475421374200124,-0.9954393169565043,0.09516731890544622,0.5112831161404798,-0.9992248602333594,-0.003319833520735671,-0.038661575136700516,-0.044310768837034775,0.03880119160192057,-0.09510803952027039,-0.9947102412362601,0.021155535623406274,0.0,0.0,0.0,1.0,0.009326627868009984,0.3898263295377145,3.392672597723592
-0.00037871865841920815,-0.995420713242481,0.09536170416373135,0.5109323478044662,-0.9993521631261282,-0.0029962787480379838,-0.035246634692013404,-0.04430631259364756,0.03537096049208363,-0.09531327389362321,-0.9948184860173621,0.021002533160149384,0.0,0.0,0.0,1.0,0.4436560037051014,0.6152056001606427,3.2877555971693777
-0.00037039097372587593,-0.9953868435887816,0.09571463727935003,0.5102403530752808,-0.9996455984562306,-0.002098818617913001,-0.025696220016756827,-0.044303348178978644,0.025778566997371126,-0.09569023351208995,-0.9950770887159108,0.020898914428781556,0.0,0.0,0.0,1.0,0.3156384464284996,0.5176033754432989,3.0484268517628763
-0.0003580611077992346,-0.9953552785213784,0.09604239400519243,0.5098909606922738,-0.9997593371700424,-0.0016517020607841326,-0.020845933974968613,-0.04430179863051186,0.020907743837794184,-0.09602674428906752,-0.9951589348392862,0.02083855215998165,0.0,0.0,0.0,1.0,0.19502387503523394,0.4491154360734229,3.2170883166414663
-0.0003484170241799811,-0.9952963976612299,0.0966507356466208,0.5095389949498981,-0.9998376770738034,-0.001271960333586064,-0.016703536073738378,-0.04430033308642176,0.01674790518435063,-0.09664086681272366,-0.9951781886584936,0.020779553580506926,0.0,0.0,0.0,1.0,0.18578581556616686,0.5827037699678251,3.455466642226673
-0.00035097347149898317,-0.9951236927050552,0.09841307563208723,0.5091892216630761,-0.9998977974072484,-0.0008966297758129516,-0.012632974193641164,-0.04429986253077481,0.012659612023364908,-0.09840745139940497,-0.9950654624232799,0.02075653847770409,0.0,0.0,0.0,1.0,0.4303450871244997,0.9545746079678075,3.349988311360284
-0.0003494794691768499,-0.9949102896439048,0.10054766299962736,0.5088397042054644,-0.9999430059584211,-0.0004926857577715049,-0.008351010917463625,-0.04429948485447235,0.008358045092250271,-0.10054485088880422,-0.9948971947301741,0.020737882154975962,0.0,0.0,0.0,1.0,0.5731724079742407,0.3543813138593576,3.3531341114532887
-0.0003494794691768499,-0.9949102896439048,0.10054766299962736,0.5088397042054644,-0.9999430059584211,-0.0004926857577715049,-0.008351010917463625,-0.04429948485447235,0.008358045092250271,-0.10054485088880422,-0.9948971947301741,0.020737882154975962,0.0,0.0,0.0,1.0,0.6421589258165059,0.40481081799923124,3.1889292973689223
-0.00033669158675375677,-0.9946940170960565,0.10266526695409639,0.5084885831059359,-0.9999697033400344,-8.1780535851117e-05,-0.004071935959551173,-0.04429899563717616,0.004058726357508646,-0.10266352752599266,-0.9947076265409779,0.02071274227272507,0.0,0.0,0.0,1.0,0.7878329886181354,0.9057392379956558,3.000753085538393
-0.0002784610455623948,-0.9942483906363383,0.10689507579818969,0.5077801310471577,-0.9999676530915427,0.0007621410525538441,0.004484084662385923,-0.04429712549244393,-0.0045397630846359255,-0.10689036943005495,-0.9942601951978363,0.020598732307425927,0.0,0.0,0.0,1.0,0.6669624856738214,0.963738299466863,3.23098966923429
-0.00023303887245390564,-0.9940414173760033,0.10880313138231062,0.5074209668285337,-0.9999389056916279,0.0011933380413793326,0.008761188571740047,-0.044296395412603405,-0.008838823221450617,-0.10879444243274386,-0.99402470803105,0.020537727762153846,0.0,0.0,0.0,1.0,0.3703415829591433,1.1616107092039152,2.8457486040330564
-0.00019062860620888689,-0.993934081789595,0.10977945742986694,0.5070585258263152,-0.999891676635938,0.0016316834490643362,0.013037419298821101,-0.044295688588298035,-0.013137460703415267,-0.10976508044466353,-0.9938704625978332,0.02045373291362812,0.0,0.0,0.0,1.0,0.7008979463121828,0.45140062818595467,3.722176039637017
-0.00014566169385765715,-0.9938317368613095,0.11070226329749094,0.5066999250180069,-0.9998259688313327,0.0020749203866343158,0.017312832371932076,-0.044295578204702195,-0.01743574064914851,-0.11068047583674627,-0.9937028100675143,0.02043367771594301,0.0,0.0,0.0,1.0,0.4987152546066863,0.86365438156698,3.0628636740767066
-0.00014566169385765715,-0.9938317368613095,0.11070226329749094,0.5066999250180069,-0.9998259688313327,0.0020749203866343158,0.017312832371932076,-0.044295578204702195,-0.01743574064914851,-0.11068047583674627,-0.9937028100675143,0.02043367771594301,0.0,0.0,0.0,1.0,0.7706342659120471,0.8639435881922753,3.572717491185979
-9.790766949557828e-05,-0.9937278621547343,0.1116309499510475,0.5063406997763724,-0.9997417839496129,0.002523416944920809,0.02158732309108268,-0.0442955842111632,-0.02173361585562924,-0.1116000114835556,-0.9935152331468239,0.020404673345602364,0.0,0.0,0.0,1.0,0.9233899470534128,0.8167229993966328,3.361016830429581
-4.5149433426483476e-05,-0.9936231247229862,0.1125594764260262,0.5059820190921046,-0.9996391226641179,0.0029748909521953304,0.025861131316033084,-0.044295552848946804,-0.02603107027511193,-0.11251768864661854,-0.9933083942833434,0.02038364445383556,0.0,0.0,0.0,1.0,0.7910036709477419,1.030626550909543,3.34403017540861
7.350582207232836e-05,-0.9934083628734096,0.114439458692149,0.5052651321442234,-0.9993827769518643,0.003874856731825138,0.03427968125808616,-0.04429571701523298,-0.03449715854531739,-0.1143713437767793,-0.9928386141498988,0.020349227232480394,0.0,0.0,0.0,1.0,0.8097835250820797,1.186316748693949,2.7342140118478073
0.00013505594398616205,-0.9933059453265906,0.11532501995796718,0.5049016676270854,-0.9992714202894877,0.004200388494394192,0.03735024682407014,-0.04429666758272599,-0.03758463211671171,-0.1152460408611544,-0.992625356735297,0.020259547178990422,0.0,0.0,0.0,1.0,0.8390215657589011,1.0007832877475002,3.296239432527204
0.00019916806329844938,-0.9932054435346318,0.11618732951544647,0.5045395533416648,-0.9991606065151035,0.004499009024508227,0.04017345574147588,-0.04429749911431437,-0.040423222772054956,-0.11609780389739957,-0.9924145292738598,0.02018943560459241,0.0,0.0,0.0,1.0,0.764330940120112,1.3723396926815707,3.1453437231571733
0.00026546512548358825,-0.9931041799514775,0.11704962373385464,0.504179633176761,-0.9990425582627976,0.004798093483856514,0.04297697729080671,-0.044298292571421295,-0.043242230826105135,-0.11694896442743738,-0.9921957291818528,0.02013955265403089,0.0,0.0,0.0,1.0,0.8379982525428642,0.9625154237133672,3.8902791613973218
0.00026546512548358825,-0.9931041799514775,0.11704962373385464,0.504179633176761,-0.9990425582627976,0.004798093483856514,0.04297697729080671,-0.044298292571421295,-0.043242230826105135,-0.11694896442743738,-0.9921957291818528,0.02013955265403089,0.0,0.0,0.0,1.0,1.0128180841183778,1.4877058625695556,2.846641659820512
0.00032088906107929915,-0.9930303307248601,0.11767439343005365,0.5038238594760335,-0.9989553333205615,0.00500197234500499,0.04493668193138728,-0.044297943592531565,-0.045212092181655755,-0.11756588260188715,-0.9920349952233873,0.02015658946739085,0.0,0.0,0.0,1.0,0.9693457755422514,1.0158092365989901,3.5920051314741075
0.0003386464389859567,-0.9930497007799661,0.11751076114272047,0.5034663096885887,-0.9989028917502607,0.0051114081577935955,0.04607574200777682,-0.04429877713238365,-0.04635614727717112,-0.11739744250319213,-0.9920021406297926,0.02011252564114241,0.0,0.0,0.0,1.0,0.5613292929935647,1.534312911633668,3.2393961923211623
0.00037613218307019913,-0.9930915952673436,0.11715605044506716,0.5027535686163869,-0.9989761328823406,0.004869535076638565,0.0444865695268062,-0.04429984225385292,-0.044749733796430255,-0.11705283104789502,-0.9921166287165283,0.020059015404611358,0.0,0.0,0.0,1.0,0.6188128006341135,1.3009935766674658,3.231620670818046
0.00037613218307019913,-0.9930915952673436,0.11715605044506716,0.5027535686163869,-0.9989761328823406,0.004869535076638565,0.0444865695268062,-0.04429984225385292,-0.044749733796430255,-0.11705283104789502,-0.9921166287165283,0.020059015404611358,0.0,0.0,0.0,1.0,0.7046452207867231,1.3007833529072308,3.236217733646945
0.00041807902030394084,-0.9931231818389014,0.11688783667962521,0.5020361754509431,-0.9991060282029256,0.0044650788044333645,0.041512378067819475,-0.044301670934961596,-0.04174881839446655,-0.1168006977045658,-0.9922771568989744,0.019968963526750316,0.0,0.0,0.0,1.0,1.018994374232521,1.2436481006599787,3.426352475938325
0.0004598912108018105,-0.9930803571638267,0.11725097831826509,0.5016780179388611,-0.9992047280594405,0.004153394444503855,0.039098877601413416,-0.04430217447987523,-0.039315316895076065,-0.1171757131353666,-0.9923323464715437,0.019943514304181453,0.0,0.0,0.0,1.0,0.26212419637900447,1.751164904340444,2.9738491078854397
0.0004598912108018105,-0.9930803571638267,0.11725097831826509,0.5016780179388611,-0.9992047280594405,0.004153394444503855,0.039098877601413416,-0.04430217447987523,-0.039315316895076065,-0.1171757131353666,-0.9923323464715437,0.019943514304181453,0.0,0.0,0.0,1.0,0.5418697347714181,1.0549936467678818,3.960664972952488
0.000503658885322722,-0.9930283399941784,0.11769055205045759,0.5013165001690021,-0.9992878227257345,0.0038715447570937256,0.0369447259583055,-0.044303389836577896,-0.037142804129666376,-0.11762534305338604,-0.99236284754213,0.019883975970603596,0.0,0.0,0.0,1.0,0.38068588878784076,1.0186246014409073,4.170614673718249
0.0005870042509275586,-0.9929238794511609,0.11856828375680645,0.5006099601326646,-0.9994383271518434,0.003311621557943234,0.032681869655599646,-0.044301135947231715,-0.03284326209073258,-0.11852087156758366,-0.9924079088171255,0.019995358952213826,0.0,0.0,0.0,1.0,0.525387350377228,1.2808119974376502,3.5907796362138247
0.0005870042509275586,-0.9929238794511609,0.11856828375680645,0.5006099601326646,-0.9994383271518434,0.003311621557943234,0.032681869655599646,-0.044301135947231715,-0.03284326209073258,-0.11852087156758366,-0.9924079088171255,0.019995358952213826,0.0,0.0,0.0,1.0,0.4310638838027464,1.2174390458407176,2.7554767189146356
0.000654094497594182,-0.9928173211145133,0.11945694301717108,0.49989561234340707,-0.9995674615615104,0.0027725347761267116,0.028517237667185565,-0.04430149780256758,-0.02864360603508597,-0.1194239262658163,-0.9924297486073388,0.019975828908919746,0.0,0.0,0.0,1.0,0.307508013859638,1.471437302039008,3.0219355067809595
0.0006940496129888007,-0.9927202257233331,0.12026097619881576,0.499535915581308,-0.9995995672094963,0.002618356085718365,0.02738387598077692,-0.04430341841647009,-0.027499413603721212,-0.12023182552905427,-0.9923645605018234,0.01987701783248469,0.0,0.0,0.0,1.0,0.766628017971018,2.0162826259864945,4.0160943940157185
0.0006940496129888007,-0.9927202257233331,0.12026097619881576,0.499535915581308,-0.9995995672094963,0.002618356085718365,0.02738387598077692,-0.04430341841647009,-0.027499413603721212,-0.12023182552905427,-0.9923645605018234,0.01987701783248469,0.0,0.0,0.0,1.0,0.5609781544152757,1.613385971737297,4.488742155537099
0.0007351297260562717,-0.9926151758275178,0.12112477920792886,0.4991859484319789,-0.9996265230149467,0.002480389288245899,0.026394829628361427,-0.04430302607359045,-0.026500345057381844,-0.12109894551444902,-0.9922862998302053,0.019897696777672336,0.0,0.0,0.0,1.0,0.5686968190049768,1.1363058446405754,3.7907097422279064
0.0007748394166765538,-0.992509451703729,0.12198785584280208,0.4988446973773785,-0.9996526547775665,0.0023412045461153053,0.02539903866062696,-0.044300392973557055,-0.025494384457530703,-0.12196516412018024,-0.9922065570545235,0.020035503129441246,0.0,0.0,0.0,1.0,0.47483464960997085,1.3096280092375217,2.9710241014795127
0.0008407677303797212,-0.9923352605151797,0.12339646724694286,0.4981462967559513,-0.9997177770511374,0.001978811626986765,0.022725921298360312,-0.044299194654213656,-0.022795911396173187,-0.12338074915334815,-0.9920971950228036,0.020097226925378908,0.0,0.0,0.0,1.0,0.4239122956617838,1.741190626295573,2.9336039813614954
0.0008407677303797212,-0.9923352605151797,0.12339646724694286,0.4981462967559513,-0.9997177770511374,0.001978811626986765,0.022725921298360312,-0.044299194654213656,-0.022795911396173187,-0.12338074915334815,-0.9920971950228036,0.020097226925378908,0.0,0.0,0.0,1.0,0.17405873093753285,2.0241198269024037,3.5035671780241113
0.0008914966157971826,-0.9921022257254699,0.12525599216275918,0.49743944175166566,-0.999806849449872,0.0014302482034435071,0.018445253427244818,-0.0443015826177974,-0.01847872413700126,-0.12524824277997412,-0.9919529772390057,0.019965617595976815,0.0,0.0,0.0,1.0,0.19484416131667143,1.579633573633994,4.171996018479146
0.0008914966157971826,-0.9921022257254699,0.12525599216275918,0.49743944175166566,-0.999806849449872,0.0014302482034435071,0.018445253427244818,-0.0443015826177974,-0.01847872413700126,-0.12524824277997412,-0.9919529772390057,0.019965617595976815,0.0,0.0,0.0,1.0,0.19984920628815675,1.1478190557540322,4.442180298000663
0.0009090777896615387,-0.9919846326028494,0.12618382286154245,0.49709661410653194,-0.9998442809604327,0.0011585551226099278,0.01631188243331022,-0.044300355486130406,-0.016327327617034842,-0.12617900240786512,-0.9918727566273451,0.02003672277004126,0.0,0.0,0.0,1.0,0.06406338334662988,1.3635921011032968,3.457287177900989
0.0009216363959935747,-0.9918741571404943,0.12704924841114812,0.49675939117028955,-0.9998770865493305,0.0008869650592715494,0.014178439682626887,-0.04429794079762462,-0.014175916153920269,-0.12704669971567084,-0.9917950697227367,0.020178557689069954,0.0,0.0,0.0,1.0,-0.04978690709669653,1.4499484486853436,3.075274050734446
0.0009271520379450782,-0.9917905970717119,0.1276998973450788,0.4964157236289155,-0.9999026700090442,0.0006433862009967428,0.012257136416029067,-0.044296924759074416,-0.012238672996263418,-0.1276988325442326,-0.9917371117513628,0.02023856459991169,0.0,0.0,0.0,1.0,-0.22620116700489562,1.6617905140589029,3.378760471078424
0.0009271520379450782,-0.9917905970717119,0.1276998973450788,0.4964157236289155,-0.9999026700090442,0.0006433862009967428,0.012257136416029067,-0.044296924759074416,-0.012238672996263418,-0.1276988325442326,-0.9917371117513628,0.02023856459991169,0.0,0.0,0.0,1.0,-0.22620116700489562,1.6617905140589029,3.378760471078424
0.0008974190437792684,-0.9919938706159581,0.12611125797633427,0.49571181811814546,-0.9999397168219264,0.00020739463890495635,0.008747416508864285,-0.044298406134689716,-0.008703538359328071,-0.12611150568707136,-0.9919775366993181,0.02014961069888116,0.0,0.0,0.0,1.0,-0.31253864643237655,1.4322237716517965,3.9135921994094582
0.0008750230078182208,-0.9921740500115201,0.12468587400396697,0.49536627799956434,-0.9999535613878356,-3.3920103300610904e-06,0.006990810091129243,-0.04429788905690697,-0.006935677425204477,-0.12468620088469484,-0.992171639081735,0.02018529436414368,0.0,0.0,0.0,1.0,-0.32633103389359147,1.5773112919158652,3.497607352583675
0.000852383938733714,-0.9923501894575262,0.12327626657870216,0.49502007917076996,-0.9999642803006439,-0.00020880788938820727,0.005233540505526178,-0.04429748417635797,-0.0051677638551565624,-0.12327632417339196,-0.9923585905065737,0.020212760239723182,0.0,0.0,0.0,1.0,-0.4491577410575819,1.7553785037991296,3.7056202437481107
0.0008289195253948778,-0.9925315172912437,0.12180782903837467,0.49467327783156784,-0.9999716546775101,-0.00040084079537883177,0.0035389176496762875,-0.04429721378032777,-0.003463661757326854,-0.12180730983411733,-0.9925473937534804,0.020232864708689735,0.0,0.0,0.0,1.0,-0.37366199910599845,1.732018123333505,3.95606654171561
0.000805716826965952,-0.9927579284553493,0.1199486292922256,0.49432973350867965,-0.9999737347168873,-0.0004632930578176153,0.0028826759112707684,-0.04429639492506899,-0.002806227998835467,-0.11994780142800675,-0.9927759145499585,0.02029394226671516,0.0,0.0,0.0,1.0,-0.47841784031469675,1.594117834840482,4.158397278363636
0.0007815480730940516,-0.9930060827523407,0.11787669182180904,0.4939790217251469,-0.999974071798695,-0.0004589415804659991,0.0027639931222333547,-0.044295083957232334,-0.002690563467818541,-0.11787579568471318,-0.9930243933897932,0.02039386918459435,0.0,0.0,0.0,1.0,-0.11592525724870928,1.409071969051975,3.662456592326894
