9.573410614527322e-05,-0.9999777306566711,-0.0007233723579443685,0.3857317744080394,-0.9999779078846796,-9.543687665836131e-05,-0.0004109265610483142,-0.0003536579956924142,0.00041084837358513994,0.0007233957168059019,-0.9999996539358366,0.30319089675219146,0.0,0.0,0.0,1.0,-0.5409689538009574,-0.38613765303280423,-0.2544578210066758
9.573410614527322e-05,-0.9999777306566711,-0.0007233723579443685,0.3857317744080394,-0.9999779078846796,-9.543687665836131e-05,-0.0004109265610483142,-0.0003536579956924142,0.00041084837358513994,0.0007233957168059019,-0.9999996539358366,0.30319089675219146,0.0,0.0,0.0,1.0,-0.5409689538009574,-0.38613765303280423,-0.2544578210066758
0.00010118385778823402,-0.9999777301217022,-0.000723370118436012,0.38574862924032577,-0.9999779073480912,-0.00010088662733565013,-0.0004109305031329756,-0.00035308090543072906,0.0004108483733891176,0.0007233957168053301,-0.9999996539358368,0.30149106762646743,0.0,0.0,0.0,1.0,-0.5413517390933769,-0.44547151791993767,-0.16536037209779464
0.0001066715622747294,-0.9999777295529961,-0.0007233678633098706,0.38576536836249115,-0.9999779067777541,-0.00010637433084959014,-0.00041093447262728145,-0.00035250646564076796,0.0004108483731604688,0.0007233957168050827,-0.9999996539358369,0.29979123616546277,0.0,0.0,0.0,1.0,-0.5620467733819654,-0.33390185004454564,-0.41489294569882373
0.00011215016252358323,-0.999977728955193,-0.0007233656119039755,0.38578212880776386,-0.9999779061783225,-0.00011185293012766495,-0.0004109384355891064,-0.00035192862270680143,0.00041084837299754936,0.0007233957168054611,-0.999999653935837,0.29809140513464305,0.0,0.0,0.0,1.0,-0.5719209103554017,-0.39363194642291666,-0.4344794823412954
0.00011761133854909511,-0.9999777283294184,-0.00072336336763551,0.38579883256647274,-0.9999779055509246,-0.00011731410518561747,-0.0004109423858554643,-0.0003513514462351397,0.00041084837275582025,0.0007233957168044298,-0.9999996539358371,0.29639157296869795,0.0,0.0,0.0,1.0,-0.561244081422422,-0.33687331744154175,-0.45921594110847924
0.00012304106673483028,-0.999977727677679,-0.0007233611362693348,0.38581568094953783,-0.9999779048975717,-0.00012274383240923337,-0.00041094631338819667,-0.000350773299491993,0.0004108483725413666,0.0007233957168037003,-0.999999653935837,0.2946917437161658,0.0,0.0,0.0,1.0,-0.5594530112828952,-0.31639355170304057,-0.5569502253665954
0.00012849314611490525,-0.9999777269935923,-0.000723358895696885,0.3858325019997744,-0.9999779042118644,-0.00012819591082319226,-0.00041095025702586325,-0.0003501966866370271,0.0004108483722756694,0.0007233957168034015,-0.9999996539358372,0.2929919139049371,0.0,0.0,0.0,1.0,-0.5671086686529964,-0.2163829795023573,-0.2658542167913727
0.00013398226050431727,-0.9999777262748293,-0.0007233566398836266,0.3858493392319876,-0.9999779034914699,-0.0001336850242399934,-0.00041095422745755447,-0.0003496214301396273,0.0004108483720260974,0.0007233957168037571,-0.9999996539358372,0.29129208442148974,0.0,0.0,0.0,1.0,-0.5660916783380043,-0.1969179338766029,-0.3157695772420919
0.00013949963260556641,-0.9999777255220021,-0.0007233543724358693,0.385866291148531,-0.9999779027370026,-0.00013920239536358014,-0.0004109582183489447,-0.0003490462471195811,0.0004108483718078122,0.0007233957168044932,-0.9999996539358373,0.2895922572598967,0.0,0.0,0.0,1.0,-0.5446176333757877,-0.307129379154187,-0.25907713903277235
0.00013949963260556641,-0.9999777255220021,-0.0007233543724358693,0.385866291148531,-0.9999779027370026,-0.00013920239536358014,-0.0004109582183489447,-0.0003490462471195811,0.0004108483718078122,0.0007233957168044932,-0.9999996539358373,0.2895922572598967,0.0,0.0,0.0,1.0,-0.545545894822168,-0.3278552712632959,-0.4869419583659255
0.00014500232191660967,-0.9999777247408571,-0.0007233521109986374,0.38588331020110767,-0.9999779019542224,-0.00014470508369951451,-0.0004109621985789923,-0.0003484727831018168,0.0004108483715617548,0.0007233957168036167,-0.9999996539358376,0.2878924314655917,0.0,0.0,0.0,1.0,-0.5478456879249852,-0.3235659717960917,-0.4025671653826278
0.0001505166413386383,-0.9999777239276856,-0.0007233498447598574,0.3859005114005185,-0.9999779011394117,-0.00015021940214454688,-0.00041096618720504305,-0.0003478996830645415,0.000410848371311317,0.0007233957168025576,-0.9999996539358378,0.28619260941910163,0.0,0.0,0.0,1.0,-0.5483354327306708,-0.4549790008337273,-0.48066799721636455
0.00016154127197748336,-0.9999777222107631,-0.0007233453138660306,0.3859348158559691,-0.9999778994192122,-0.00016124403083012107,-0.0004109741615187394,-0.00034675598472445467,0.0004108483708088973,0.0007233957168033397,-0.9999996539358379,0.2827929632949744,0.0,0.0,0.0,1.0,-0.5327691086669837,-0.3077450037296308,-0.10011371978596703
0.00016154127197748336,-0.9999777222107631,-0.0007233453138660306,0.3859348158559691,-0.9999778994192122,-0.00016124403083012107,-0.0004109741615187394,-0.00034675598472445467,0.0004108483708088973,0.0007233957168033397,-0.9999996539358379,0.2827929632949744,0.0,0.0,0.0,1.0,-0.5221234936238717,-0.38635288050310024,-0.09660394195295106
0.00017260838999583195,-0.9999777203649746,-0.000723340765420688,0.3859688037588069,-0.9999778975701347,-0.00017231114688764926,-0.0004109821664887046,-0.0003456173109231917,0.00041084837027915283,0.0007233957168023386,-0.9999996539358381,0.2793933106722149,0.0,0.0,0.0,1.0,-0.5279046740753597,-0.35274403680079025,-0.21610800276642225
0.00017260838999583195,-0.9999777203649746,-0.000723340765420688,0.3859688037588069,-0.9999778975701347,-0.00017231114688764926,-0.0004109821664887046,-0.0003456173109231917,0.00041084837027915283,0.0007233957168023386,-0.9999996539358381,0.2793933106722149,0.0,0.0,0.0,1.0,-0.5427826121079906,-0.29912426803140757,-0.47446720048144236
0.00017816549393312453,-0.9999777193919619,-0.0007233384814884225,0.38598577845623794,-0.99997789659547,-0.00017786824984028504,-0.00041098618601738337,-0.00034504952165518855,0.0004108483700455189,0.0007233957168021193,-0.9999996539358382,0.2776934839656646,0.0,0.0,0.0,1.0,-0.5601639325787471,-0.309939961450186,-0.26321259219951443
0.00018371000051359276,-0.9999777183903772,-0.0007233362027115886,0.3860026544492854,-0.9999778955922373,-0.00018341275543848345,-0.00041099019639093083,-0.00034447354729509296,0.00041084836978176826,0.0007233957168023289,-0.9999996539358383,0.2759936552577891,0.0,0.0,0.0,1.0,-0.5377413553283399,-0.4309269021107936,-0.22998005929727092
0.00019481405318483302,-0.9999777162920558,-0.0007233316389087252,0.38603619575754666,-0.9999778934906154,-0.00019451680614240852,-0.0004109982279306135,-0.00034333259089182057,0.0004108483692059544,0.000723395716801708,-0.9999996539358385,0.27259399358102016,0.0,0.0,0.0,1.0,-0.5424439459818312,-0.38877513587815943,-0.15306394580714147
0.00019481405318483302,-0.9999777162920558,-0.0007233316389087252,0.38603619575754666,-0.9999778934906154,-0.00019451680614240852,-0.0004109982279306135,-0.00034333259089182057,0.0004108483692059544,0.000723395716801708,-0.9999996539358385,0.27259399358102016,0.0,0.0,0.0,1.0,-0.5514997254788679,-0.3808189715260854,0.05491287260144651
0.00020597588191872962,-0.9999777140585502,-0.0007233270512699008,0.3860697353345697,-0.9999778912537919,-0.00020567863289883137,-0.0004110063012117473,-0.0003421927628704098,0.000410848368630339,0.0007233957168009365,-0.9999996539358388,0.26919433187379627,0.0,0.0,0.0,1.0,-0.5652450507604794,-0.602879529821654,-0.26811294402869656
0.00020597588191872962,-0.9999777140585502,-0.0007233270512699008,0.3860697353345697,-0.9999778912537919,-0.00020567863289883137,-0.0004110063012117473,-0.0003421927628704098,0.000410848368630339,0.0007233957168009365,-0.9999996539358388,0.26919433187379627,0.0,0.0,0.0,1.0,-0.5254363216585312,-0.5550899236284937,-0.3959205083746805
0.0002115867751455447,-0.9999777128887425,-0.0007233247450938729,0.38608640303651,-0.9999778900823164,-0.00021128952513171928,-0.0004110103595176323,-0.00034162604305951145,0.00041084836834211474,0.0007233957167998234,-0.9999996539358388,0.26749449896364197,0.0,0.0,0.0,1.0,-0.5679804979512847,-0.5824892234939928,-0.4028604381140001
0.000217214264439769,-0.9999777116838519,-0.0007233224320748188,0.3861031388720068,-0.9999778888757532,-0.0002169170134289078,-0.00041101442981103173,-0.0003410618625473799,0.00041084836804976667,0.0007233957167997553,-0.999999653935839,0.26579466741614427,0.0,0.0,0.0,1.0,-0.5600537270358237,-0.7295111524498074,-0.2387324568140977
0.00022233454030445854,-0.9999777105600433,-0.0007233203275114619,0.386118016788853,-0.9999778877504228,-0.00022203728838648962,-0.00041101813325159745,-0.00034054340650078215,0.0004108483678034397,0.0007233957167995243,-0.9999996539358391,0.26424481345280615,0.0,0.0,0.0,1.0,-0.5261618105883268,-0.5549017654136849,-0.10565044940330297
0.00022233454030445854,-0.9999777105600433,-0.0007233203275114619,0.386118016788853,-0.9999778877504228,-0.00022203728838648962,-0.00041101813325159745,-0.00034054340650078215,0.0004108483678034397,0.0007233957167995243,-0.9999996539358391,0.26424481345280615,0.0,0.0,0.0,1.0,-0.5579797956662025,-0.5444551209226618,-0.11502099251657673
0.00023394021854145075,-0.9999777079157457,-0.0007233155572128058,0.3861509385466879,-0.9999778851026756,-0.00023364296456751532,-0.00041102652738380334,-0.0003393813884249603,0.00041084836715471885,0.0007233957167992091,-0.9999996539358393,0.26074513015583184,0.0,0.0,0.0,1.0,-0.5485555899514749,-0.7707125913001699,-0.18559161226970247
0.00024519710686954355,-0.9999777052222346,-0.000723310930184129,0.3861823248524828,-0.9999778824058184,-0.00024489985090148103,-0.0004110346692187267,-0.0003382570282759503,0.00041084836655316494,0.0007233957167982507,-0.9999996539358396,0.2573454264798529,0.0,0.0,0.0,1.0,-0.5573494231972121,-0.6726357690598739,-0.46427450050964586
0.00024519710686954355,-0.9999777052222346,-0.000723310930184129,0.3861823248524828,-0.9999778824058184,-0.00024489985090148103,-0.0004110346692187267,-0.0003382570282759503,0.00041084836655316494,0.0007233957167982507,-0.9999996539358396,0.2573454264798529,0.0,0.0,0.0,1.0,-0.5573494231972121,-0.6726357690598739,-0.46427450050964586
0.0002506754699688196,-0.999977703865548,-0.000723308678325596,0.38619729165302896,-0.9999778810475035,-0.00025037821303025565,-0.0004110386315421378,-0.0003377109377384391,0.0004108483662351955,0.0007233957167976114,-0.9999996539358396,0.2556955653287626,0.0,0.0,0.0,1.0,-0.5492886897454321,-0.913044816325197,-0.3036767478491745
0.0002570083044179383,-0.9999777022598567,-0.0007233060752137588,0.3862143321912722,-0.9999778794399297,-0.0002567110463575495,-0.00041104321186279276,-0.0003370840011211765,0.00041084836586866187,0.0007233957167972422,-0.99999965393584,0.25379572164061737,0.0,0.0,0.0,1.0,-0.5460638550320712,-0.7300815054711906,-0.2977363918844045
0.0002626923720032148,-0.9999777007845065,-0.0007233037387531782,0.3862293630339554,-0.99997787796289,-0.0002623951129359092,-0.0004110473229438419,-0.0003365224125845099,0.00041084836554479247,0.0007233957167973747,-0.9999996539358401,0.2520958575768278,0.0,0.0,0.0,1.0,-0.5564048179568053,-0.5846846277725003,-0.12085515231766086
0.0002626923720032148,-0.9999777007845065,-0.0007233037387531782,0.3862293630339554,-0.99997787796289,-0.0002623951129359092,-0.0004110473229438419,-0.0003365224125845099,0.00041084836554479247,0.0007233957167973747,-0.9999996539358401,0.2520958575768278,0.0,0.0,0.0,1.0,-0.5659852914806248,-0.9090766520817,-0.14504369003980697
0.0002740873831247881,-0.9999776977295205,-0.000723299054713411,0.3862581075506463,-0.9999778749045172,-0.0002737901220390415,-0.0004110555644805104,-0.0003354040846979533,0.0004108483648716686,0.0007233957167967534,-0.9999996539358402,0.24869610635311096,0.0,0.0,0.0,1.0,-0.5466850019299663,-0.8584095719618539,-0.34157922773805777
0.00027975659459644753,-0.9999776961612419,-0.0007232967242892796,0.3862718120651216,-0.9999778733345532,-0.00027945933250655974,-0.0004110596647653391,-0.00033484717566582335,0.0004108483645370822,0.0007233957167965405,-0.9999996539358407,0.24699621941135935,0.0,0.0,0.0,1.0,-0.5345845350652038,-0.8097991635297823,-0.31982962455284597
0.00028545604852076023,-0.9999776945521986,-0.000723294381409556,0.3862852441207169,-0.999977871723816,-0.0002851587854211246,-0.0004110637868894322,-0.00033429166095641266,0.00041084836418028603,0.0007233957167959719,-0.9999996539358408,0.24529632803968315,0.0,0.0,0.0,1.0,-0.5672059207554396,-1.088246383982922,-0.38529001347950237
0.0002911828023086094,-0.9999776929027302,-0.0007232920272837728,0.38629845243006294,-0.9999778700726449,-0.0002908855381946185,-0.0004110679287519303,-0.0003337369136767845,0.00041084836382903055,0.0007233957167952168,-0.9999996539358408,0.24359643308079948,0.0,0.0,0.0,1.0,-0.5524242058415134,-1.059012261129584,-0.15674321177944517
0.0002969630734565021,-0.9999776912045895,-0.0007232896511351616,0.3863114822711489,-0.9999778683727862,-0.000296665808318719,-0.00041107210928984774,-0.0003331827051567481,0.00041084836345726,0.0007233957167950082,-0.9999996539358409,0.24189653530215094,0.0,0.0,0.0,1.0,-0.5322254734237138,-0.91060499700895,-0.17721894159635215
0.0002969630734565021,-0.9999776912045895,-0.0007232896511351616,0.3863114822711489,-0.9999778683727862,-0.000296665808318719,-0.00041107210928984774,-0.0003331827051567481,0.00041084836345726,0.0007233957167950082,-0.9999996539358409,0.24189653530215094,0.0,0.0,0.0,1.0,-0.547431420533209,-1.186723384708309,-0.041704298770381794
0.0003028061907456303,-0.9999776894540268,-0.0007232872491267917,0.3863243163519823,-0.9999778666204866,-0.00030250892457284184,-0.0004110763352776954,-0.0003326342250370353,0.000410848363092328,0.0007233957167949571,-0.9999996539358409,0.24019663447785966,0.0,0.0,0.0,1.0,-0.5422811524917677,-1.1946919042954764,-0.20783492652392313
0.00031453612940074427,-0.9999776858367397,-0.0007232824270693716,0.38634834013734415,-0.9999778629997131,-0.00031423886115039545,-0.0004110848188181704,-0.00033153320886551084,0.0004108483623582372,0.0007233957167938431,-0.9999996539358413,0.23679680842535927,0.0,0.0,0.0,1.0,-0.5379177829233499,-1.2277886540483904,-0.3697075875256137
0.00032042870099868725,-0.9999776839676621,-0.0007232800046564347,0.38635973934008694,-0.9999778611288838,-0.0003201314317046178,-0.0004110890805260997,-0.0003309831402595941,0.0004108483619854709,0.0007233957167938097,-0.9999996539358414,0.23509688672979362,0.0,0.0,0.0,1.0,-0.5496257521733424,-1.5231254767941642,-0.24698641290423548
0.00032632166545332186,-0.9999776820637334,-0.0007232775820564252,0.386370746460679,-0.9999778592232034,-0.0003260243951154762,-0.00041109334249920805,-0.000330432742466169,0.00041084836160799984,0.0007233957167929552,-0.9999996539358414,0.23339695981156655,0.0,0.0,0.0,1.0,-0.5393417932558551,-1.6134408543877041,-0.17867528268347163
0.00033222895598411517,-0.9999776801203215,-0.0007232751535418691,0.3863813918550739,-0.9999778572780356,-0.00033193168460005085,-0.0004110976147992946,-0.0003298830819019191,0.0004108483612098517,0.0007233957167926801,-0.9999996539358418,0.23169702816076015,0.0,0.0,0.0,1.0,-0.5396280323508736,-1.542329085650195,0.031361653134494044
0.0003381554243494511,-0.9999776781355333,-0.0007232727171188613,0.3863917420106971,-0.9999778552914858,-0.00033785815191578195,-0.00041110190095806323,-0.00032933522457641133,0.0004108483608136113,0.0007233957167929572,-0.999999653935842,0.22999709276714025,0.0,0.0,0.0,1.0,-0.5449711530587673,-1.7085771432218964,0.27075402241172725
0.0003381554243494511,-0.9999776781355333,-0.0007232727171188613,0.3863917420106971,-0.9999778552914858,-0.00033785815191578195,-0.00041110190095806323,-0.00032933522457641133,0.0004108483608136113,0.0007233957167929572,-0.999999653935842,0.22999709276714025,0.0,0.0,0.0,1.0,-0.5348473543467352,-1.8465027496320776,-0.08539095822802999
0.00034408936593188777,-0.9999776761130521,-0.0007232702775963884,0.38640168468196706,-0.999977853267241,-0.00034379209244722597,-0.00041110619249625115,-0.000328793204254523,0.00041084836040594663,0.0007233957167918835,-0.9999996539358422,0.22829715240338322,0.0,0.0,0.0,1.0,-0.5449422934368592,-1.8822776752220614,-0.23113842730097686
0.0003559176658610719,-0.9999776719765303,-0.000723265414749874,0.38641998296400737,-0.9999778491272029,-0.00035562039028147474,-0.0004111147469017796,-0.00032770585882621497,0.0004108483595929917,0.000723395716790818,-0.9999996539358424,0.22489725363778035,0.0,0.0,0.0,1.0,-0.5542957820430141,-2.108261064184623,0.043261633833641226
0.0003618847408711767,-0.9999776698366662,-0.0007232629615300801,0.38642809978547377,-0.9999778469855651,-0.0003615874642348693,-0.0004111190623356172,-0.0003271676248992641,0.00041084835915957096,0.000723395716790519,-0.9999996539358426,0.2231972934955354,0.0,0.0,0.0,1.0,-0.5698440363124576,-2.1076455159471625,-0.05494015002602728
0.00036782868959189807,-0.9999776676696958,-0.0007232605177922569,0.3864359125497586,-0.9999778448168277,-0.0003675314119028217,-0.0004111233610459092,-0.0003266289362313911,0.0004108483587439368,0.0007233957167902175,-0.9999996539358429,0.22149733044808928,0.0,0.0,0.0,1.0,-0.49908576602014043,-1.953120671171585,0.0029953801944481236
0.0003737894076116244,-0.9999776654611306,-0.0007232580671336364,0.3864433195908213,-0.9999778426064907,-0.00037349212886694794,-0.0004111276718410302,-0.0003260915513259275,0.0004108483582988493,0.0007233957167890239,-0.9999996539358431,0.21979736374347958,0.0,0.0,0.0,1.0,-0.5747105760115259,-2.1540761331186165,0.11286624686903393
0.0003737894076116244,-0.9999776654611306,-0.0007232580671336364,0.3864433195908213,-0.9999778426064907,-0.00037349212886694794,-0.0004111276718410302,-0.0003260915513259275,0.0004108483582988493,0.0007233957167890239,-0.9999996539358431,0.21979736374347958,0.0,0.0,0.0,1.0,-0.5544335539650918,-2.1465774243575586,0.0021099555764340504
0.00037978048458592317,-0.9999776632055142,-0.0007232556039687421,0.38645029106179923,-0.9999778403490933,-0.0003794832047803176,-0.0004111320045848844,-0.0003255569567435616,0.0004108483578593221,0.0007233957167890022,-0.9999996539358431,0.21809739320271276,0.0,0.0,0.0,1.0,-0.5506527325473006,-2.1620097454879557,-0.24565450335279754
0.00038576008471163936,-0.9999776609184278,-0.0007232531454953728,0.3864567237207035,-0.9999778380602296,-0.0003854628038471586,-0.00041113632900877437,-0.00032502062439418623,0.0004108483574154294,0.0007233957167879876,-0.9999996539358433,0.2163974183352615,0.0,0.0,0.0,1.0,-0.5370549598339021,-2.416229359001678,-0.04476476874535857
0.0003976842228861077,-0.9999776562509202,-0.0007232482428892739,0.3864684194017596,-0.9999778333891773,-0.00039738693991003826,-0.0004111449524264447,-0.0003239495116884501,0.0004108483565007552,0.0007233957167877596,-0.9999996539358438,0.21299746011585308,0.0,0.0,0.0,1.0,-0.5304235990149794,-2.262887639348746,-0.14722059322295952
0.0003976842228861077,-0.9999776562509202,-0.0007232482428892739,0.3864684194017596,-0.9999778333891773,-0.00039738693991003826,-0.0004111449524264447,-0.0003239495116884501,0.0004108483565007552,0.0007233957167877596,-0.9999996539358438,0.21299746011585308,0.0,0.0,0.0,1.0,-0.5355415362427556,-2.2605061676780944,0.17061427117321673
0.0004095916557892987,-0.9999776514480616,-0.0007232433470475419,0.3864782303172441,-0.9999778285827794,-0.0004092943707044716,-0.0004111535636679533,-0.00032288287304971415,0.000410848355550585,0.0007233957167864319,-0.999999653935844,0.2095974896462261,0.0,0.0,0.0,1.0,-0.5689250462308302,-2.2993856316232133,0.15134422026324015
0.00041555259671255396,-0.9999776489904613,-0.0007232408961178605,0.3864826557378067,-0.9999778261234071,-0.00041525531057218235,-0.00041115787448477473,-0.0003223536711144011,0.0004108483550682643,0.0007233957167859996,-0.9999996539358443,0.20789750170516608,0.0,0.0,0.0,1.0,-0.561816634337382,-2.5133603410895726,0.037449032703394225
0.00041555259671255396,-0.9999776489904613,-0.0007232408961178605,0.3864826557378067,-0.9999778261234071,-0.00041525531057218235,-0.00041115787448477473,-0.0003223536711144011,0.0004108483550682643,0.0007233957167859996,-0.9999996539358443,0.20789750170516608,0.0,0.0,0.0,1.0,-0.5490639651479133,-2.3593843652572244,-0.1273196040827212
0.00042152134203721214,-0.9999776464940399,-0.0007232384419534887,0.3864868050691586,-0.9999778236252114,-0.0004212240548399082,-0.00041116219092203346,-0.0003218256934525766,0.0004108483545764123,0.0007233957167852071,-0.9999996539358447,0.2061975123180234,0.0,0.0,0.0,1.0,-0.5393132407421254,-2.3477141211220274,0.19802864617017232
0.00042751701224136296,-0.9999776439504888,-0.0007232359766924934,0.38649059551350307,-0.9999778210798782,-0.00042721972398235275,-0.00041116652681026764,-0.00032130026473428344,0.0004108483540767002,0.0007233957167847086,-0.9999996539358446,0.20449752122778203,0.0,0.0,0.0,1.0,-0.542834889657634,-2.6115358258757198,-0.14148616248252227
0.00043953162705206994,-0.9999776387453175,-0.0007232310365226091,0.386497014334981,-0.9999778158711352,-0.0004392343366657059,-0.00041117521535316846,-0.0003202542550846244,0.00041084835305487587,0.0007233957167833815,-0.9999996539358452,0.20109753423270565,0.0,0.0,0.0,1.0,-0.5316507166555248,-2.5590584029311647,0.3351882818162357
0.00043953162705206994,-0.9999776387453175,-0.0007232310365226091,0.386497014334981,-0.9999778158711352,-0.0004392343366657059,-0.00041117521535316846,-0.0003202542550846244,0.00041084835305487587,0.0007233957167833815,-0.9999996539358452,0.20109753423270565,0.0,0.0,0.0,1.0,-0.5293042279905253,-2.562027272350162,0.2732031928918689
0.0004514738035895083,-0.9999776334284777,-0.000723226126035037,0.38650201151301106,-0.9999778105507455,-0.00045117651108855794,-0.00041118385141599047,-0.0003192071456445136,0.0004108483520026965,0.0007233957167828592,-0.9999996539358454,0.1976975423186456,0.0,0.0,0.0,1.0,-0.5449718587584256,-2.458556227242284,0.22842094392294024
0.00045748621148367086,-0.9999776306976853,-0.0007232236537609849,0.3865040787925075,-0.9999778078181658,-0.0004571889179182387,-0.0004111881992947449,-0.0003186870645449946,0.00041084835146193064,0.0007233957167817177,-0.9999996539358457,0.1959975451901917,0.0,0.0,0.0,1.0,-0.5552181559034421,-2.812556903954753,0.341057212585268
0.00045748621148367086,-0.9999776306976853,-0.0007232236537609849,0.3865040787925075,-0.9999778078181658,-0.0004571889179182387,-0.0004111881992947449,-0.0003186870645449946,0.00041084835146193064,0.0007233957167817177,-0.9999996539358457,0.1959975451901917,0.0,0.0,0.0,1.0,-0.551427291372536,-2.671188859715481,-0.0014216405733877761
0.0004635014694260309,-0.9999776279294232,-0.0007232211802890576,0.38650580441247767,-0.9999778050481155,-0.0004632041747953952,-0.0004111925492098572,-0.0003181677448477302,0.00041084835091111506,0.0007233957167806582,-0.999999653935846,0.19429754725470982,0.0,0.0,0.0,1.0,-0.5449629170626062,-2.6863667345169158,0.08250881683692354
0.00046949524086398187,-0.9999776251350584,-0.0007232187156273606,0.38650712476643645,-0.9999778022519691,-0.00046919794517219504,-0.00041119688356586865,-0.0003176472937943093,0.00041084835035585214,0.0007233957167804163,-0.9999996539358463,0.1925975485695431,0.0,0.0,0.0,1.0,-0.5396518719229928,-2.3334497308256696,0.3494442169718991
0.0004815146295119588,-0.9999776194232264,-0.0007232137731303934,0.3865087025103838,-0.9999777965365643,-0.00048121733169215197,-0.00041120557523330206,-0.00031660700917087467,0.00041084834921320697,0.00072339571678003,-0.9999996539358468,0.18919754989122917,0.0,0.0,0.0,1.0,-0.5294826941220757,-2.4590021505027697,0.1960202737688719
0.0004815146295119588,-0.9999776194232264,-0.0007232137731303934,0.3865087025103838,-0.9999777965365643,-0.00048121733169215197,-0.00041120557523330206,-0.00031660700917087467,0.00041084834921320697,0.00072339571678003,-0.9999996539358468,0.18919754989122917,0.0,0.0,0.0,1.0,-0.5231759395725648,-2.6394587769993842,0.6059283018507585
0.0004935914620617377,-0.9999776135385896,-0.0007232088069060172,0.3865099870496328,-0.9999777906483371,-0.0004932941621037523,-0.00041121430836028736,-0.00031557880415309346,0.000410848348044613,0.0007233957167790553,-0.9999996539358471,0.1857975509157601,0.0,0.0,0.0,1.0,-0.5217039971169657,-2.73172438945095,0.568290216992586
0.0004935914620617377,-0.9999776135385896,-0.0007232088069060172,0.3865099870496328,-0.9999777906483371,-0.0004932941621037523,-0.00041121430836028736,-0.00031557880415309346,0.000410848348044613,0.0007233957167790553,-0.9999996539358471,0.1857975509157601,0.0,0.0,0.0,1.0,-0.528648332243969,-2.745401109143691,0.5675762962996856
0.0004996137533773148,-0.999977610549628,-0.0007232063303845848,0.38651057381467485,-0.9999777876575855,-0.0004993164523531823,-0.00041121866321039907,-0.0003150662654416489,0.00041084834743134,0.0007233957167777675,-0.9999996539358473,0.18409755138345346,0.0,0.0,0.0,1.0,-0.5230782276880709,-2.6480090456470493,0.2892313544305858
0.0005056421446831272,-0.9999776075213151,-0.0007232038513289019,0.38651129367452625,-0.9999777846274804,-0.0005053448425917928,-0.0004112230224695601,-0.0003145522485414189,0.00041084834683038327,0.0007233957167769374,-0.9999996539358478,0.18239755195104845,0.0,0.0,0.0,1.0,-0.5328994510718773,-2.5398891109979456,0.3521610082165976
0.0005116947015498807,-0.9999776044443014,-0.0007232013623090228,0.38651207713002206,-0.9999777815486678,-0.0005113973983870146,-0.0004112273991778295,-0.0003140454601033614,0.0004108483462165116,0.0007233957167761709,-0.9999996539358479,0.180697552570647,0.0,0.0,0.0,1.0,-0.5454245702527042,-2.6505387180922226,0.43495133397675473
0.0005116947015498807,-0.9999776044443014,-0.0007232013623090228,0.38651207713002206,-0.9999777815486678,-0.0005113973983870146,-0.0004112273991778295,-0.0003140454601033614,0.0004108483462165116,0.0007233957167761709,-0.9999996539358479,0.180697552570647,0.0,0.0,0.0,1.0,-0.5204464928639589,-2.6801479331673512,0.6292463595323873
0.0005237918593995472,-0.9999775981845367,-0.0007231963874618219,0.38651354267634963,-0.999977775285307,-0.0005234945540950608,-0.00041123614674443116,-0.0003130298410774306,0.00041084834493778255,0.0007233957167744031,-0.9999996539358484,0.17729755371911327,0.0,0.0,0.0,1.0,-0.5204464928639589,-2.6801479331673512,0.6292463595323873
0.0005297945988387287,-0.9999775950240488,-0.0007231939188495073,0.3865143673089292,-0.9999777721230346,-0.0005294972924716479,-0.00041124048734634644,-0.00031252507338462283,0.00041084834429115446,0.0007233957167731389,-0.9999996539358488,0.17559755437397456,0.0,0.0,0.0,1.0,-0.516157519101339,-2.6975321090876965,0.6261788037663795
0.0005358166576788781,-0.9999775918171809,-0.0007231914422671237,0.3865151507429541,-0.9999777689143765,-0.0005355193502457611,-0.0004112448418889507,-0.00031202045490098064,0.000410848343628084,0.0007233957167730394,-0.9999996539358489,0.17389755498957354,0.0,0.0,0.0,1.0,-0.5354677312633439,-2.380055960816854,0.7001486640834832
0.0005418570194277161,-0.9999775885641352,-0.0007231889581311712,0.3865160020010452,-0.9999777656595351,-0.0005415597109253989,-0.00041124920964960945,-0.0003115167407258618,0.0004108483429612132,0.0007233957167725811,-0.9999996539358492,0.1721975556739162,0.0,0.0,0.0,1.0,-0.5293272068506495,-2.2456718651304874,0.41658864370128496
0.0005479098553204387,-0.9999775852677713,-0.0007231864688377887,0.3865170025547853,-0.9999777623613719,-0.0005476125457465897,-0.00041125358639365964,-0.0003110146028456727,0.00041084834227139277,0.0007233957167714451,-0.9999996539358496,0.1704975565161393,0.0,0.0,0.0,1.0,-0.5319668317826206,-2.319763417728215,0.5438044052509095
0.0005539637566076561,-0.99997758193418,-0.000723183979080555,0.3865181032339371,-0.999977759025981,-0.0005536664459622198,-0.0004112579638940243,-0.0003105123260757777,0.00041084834158244647,0.0007233957167710105,-0.9999996539358499,0.16879755748302067,0.0,0.0,0.0,1.0,-0.5392911579337695,-2.2952490315293037,0.7539311191098009
0.0005539637566076561,-0.99997758193418,-0.000723183979080555,0.3865181032339371,-0.999977759025981,-0.0005536664459622198,-0.0004112579638940243,-0.0003105123260757777,0.00041084834158244647,0.0007233957167710105,-0.9999996539358499,0.16879755748302067,0.0,0.0,0.0,1.0,-0.5400706987049634,-2.359409691167863,0.2601569506769472
0.0005660903066673217,-0.9999775751464386,-0.000723178991775375,0.3865205383817043,-0.9999777522346345,-0.0005657929938753248,-0.00041126673235610325,-0.00030951786536679475,0.0004108483401529912,0.0007233957167694845,-0.9999996539358506,0.16539755975063103,0.0,0.0,0.0,1.0,-0.5476588029224209,-2.148178946014368,0.38959826096561234
0.0005721315375456504,-0.999977571710028,-0.0007231765071502028,0.38652193117441785,-0.9999777487964279,-0.0005718342236843976,-0.00041127110061220666,-0.0003090199604653878,0.000410848339428152,0.0007233957167696087,-0.9999996539358509,0.16369756114973283,0.0,0.0,0.0,1.0,-0.5447615877627203,-2.1726319947632384,0.34289065533073426
0.0005782102971533254,-0.9999775682154317,-0.0007231740070615111,0.38652326388194597,-0.9999777453000245,-0.0005779129822160445,-0.0004112754960031023,-0.0003085259937678748,0.00041084833871269543,0.0007233957167678571,-0.9999996539358509,0.161997562448281,0.0,0.0,0.0,1.0,-0.5307184366909923,-2.320824817327499,0.47953353841653884
0.0005842766625686613,-0.9999775646911215,-0.0007231715120454285,0.386524598546176,-0.9999777417739113,-0.0005839793465577947,-0.000411279882321997,-0.0003080319014189039,0.0004108483379037484,0.0007233957167672627,-0.9999996539358514,0.16029756374710358,0.0,0.0,0.0,1.0,-0.5264784742988382,-2.0462120666577825,0.634569711945618
0.0005903262273924126,-0.9999775611399229,-0.000723169023912007,0.3865260008477254,-0.9999777382209143,-0.0005900289103106249,-0.0004112842565442853,-0.0003075323605875836,0.00041084833716325143,0.0007233957167665994,-0.9999996539358518,0.15859756515796125,0.0,0.0,0.0,1.0,-0.5265741686014576,-2.3400469236356236,0.7779265556001308
0.0005903262273924126,-0.9999775611399229,-0.000723169023912007,0.3865260008477254,-0.9999777382209143,-0.0005900289103106249,-0.0004112842565442853,-0.0003075323605875836,0.00041084833716325143,0.0007233957167665994,-0.9999996539358518,0.15859756515796125,0.0,0.0,0.0,1.0,-0.5203995586652296,-2.5897924295921753,0.7597323842066813
0.0005963976098746215,-0.999977557539121,-0.000723166526778174,0.3865276109757653,-0.9999777346183072,-0.000596100291718249,-0.0004112886465147639,-0.000307036894265269,0.00041084833640783107,0.0007233957167650754,-0.9999996539358521,0.15689756694007445,0.0,0.0,0.0,1.0,-0.5096830078458088,-2.3401268267661313,0.619868447793008
0.0006085224523356136,-0.9999775502378301,-0.0007231615398033964,0.38653078298430876,-0.9999777273134123,-0.000608225132033402,-0.00041129741335679826,-0.0003060557198749491,0.00041084833480465894,0.0007233957167636595,-0.9999996539358527,0.1534975704090819,0.0,0.0,0.0,1.0,-0.5118491763681877,-2.458827351776747,0.5960357311090654
0.0006145522402363213,-0.9999775465521002,-0.0007231590596975535,0.38653230410142886,-0.9999777236258899,-0.0006142549188669633,-0.00041130177313110486,-0.00030556448460624595,0.0004108483339786283,0.0007233957167620299,-0.9999996539358531,0.1517975720180525,0.0,0.0,0.0,1.0,-0.5208504206791786,-2.146822655980055,0.26627936076568753
0.000620637212358055,-0.999977542795779,-0.0007231565568684983,0.38653369944802285,-0.9999777198677599,-0.0006203398899117807,-0.00041130617282044324,-0.00030507780678604136,0.00041084833317484606,0.0007233957167613547,-0.9999996539358533,0.15009757341049113,0.0,0.0,0.0,1.0,-0.5344419885645997,-2.256382066104871,0.5618437277421624
0.0006266902855975864,-0.9999775390224124,-0.0007231540671337466,0.3865349820541256,-0.9999777160925938,-0.0006263929620801134,-0.0004113105493089303,-0.0003045917551575008,0.00041084833225374856,0.0007233957167610188,-0.9999996539358535,0.14839757461569808,0.0,0.0,0.0,1.0,-0.5081035436501165,-2.279169940938845,0.6289409937251516
0.0006327264201155258,-0.9999775352231182,-0.0007231515843384995,0.3865362133085719,-0.999977712291505,-0.0006324290955297407,-0.0004113149136363919,-0.00030410358261917395,0.00041084833143621464,0.0007233957167596446,-0.9999996539358542,0.1466975757429952,0.0,0.0,0.0,1.0,-0.5017509066539385,-1.8571464502849135,0.3414185901269918
0.0006327264201155258,-0.9999775352231182,-0.0007231515843384995,0.3865362133085719,-0.999977712291505,-0.0006324290955297407,-0.0004113149136363919,-0.00030410358261917395,0.00041084833143621464,0.0007233957167596446,-0.9999996539358542,0.1466975757429952,0.0,0.0,0.0,1.0,-0.5085151362436219,-2.2387243244885213,0.7954266740162014
0.0006387964069348162,-0.9999775313657734,-0.0007231490875933555,0.38653775108994964,-0.9999777084323559,-0.0006384990812748348,-0.0004113193023824479,-0.00030361791639364126,0.0004108483305714392,0.0007233957167589373,-0.9999996539358543,0.14499757736747126,0.0,0.0,0.0,1.0,-0.5114103852661778,-1.9898255841578385,0.5347163658263716
0.0006509348591518527,-0.9999775235415377,-0.0007231440946482426,0.38654164070853664,-0.9999777006045117,-0.0006506375313439783,-0.0004113280786450556,-0.0003026550557578802,0.0004108483287580335,0.0007233957167571024,-0.9999996539358553,0.14159758234557923,0.0,0.0,0.0,1.0,-0.5092911993419373,-2.260233095330389,0.7959277531510714
0.0006509348591518527,-0.9999775235415377,-0.0007231440946482426,0.38654164070853664,-0.9999777006045117,-0.0006506375313439783,-0.0004113280786450556,-0.0003026550557578802,0.0004108483287580335,0.0007233957167571024,-0.9999996539358553,0.14159758234557923,0.0,0.0,0.0,1.0,-0.5207833173174626,-2.2293770949848883,0.6895072776047803
0.0006630540924942863,-0.9999775155826938,-0.0007231391095012807,0.3865450458740824,-0.9999776926420653,-0.000662756762541794,-0.00041133684091002,-0.000301698567496723,0.0004108483269057552,0.0007233957167540906,-0.999999653935856,0.13819758623313028,0.0,0.0,0.0,1.0,-0.5158702554107728,-2.2029023352898536,0.6785681426169287
0.000669145165240248,-0.9999775115271531,-0.0007231366039490705,0.38654684336686246,-0.9999776885847139,-0.0006688478342100068,-0.00041134124474032335,-0.0003012209820608335,0.00041084832595252073,0.0007233957167533495,-0.9999996539358563,0.13649758836869325,0.0,0.0,0.0,1.0,-0.5340952031614752,-2.1877991090892377,0.4414864195356299
0.000669145165240248,-0.9999775115271531,-0.0007231366039490705,0.38654684336686246,-0.9999776885847139,-0.0006688478342100068,-0.00041134124474032335,-0.0003012209820608335,0.00041084832595252073,0.0007233957167533495,-0.9999996539358563,0.13649758836869325,0.0,0.0,0.0,1.0,-0.5345452750476609,-2.2489354200064624,0.6789343319383948
0.000675253301450518,-0.9999775074229933,-0.0007231340913507744,0.3865486270432737,-0.9999776844787382,-0.0006749559693393636,-0.00041134566087396214,-0.0003007456489889142,0.00041084832497841853,0.0007233957167521836,-0.9999996539358567,0.13479759047144052,0.0,0.0,0.0,1.0,-0.5051881197799997,-2.2574167470665176,0.7149306472331081
0.0006813081810987942,-0.9999775033177938,-0.0007231316006342525,0.38655030489701286,-0.999977680371739,-0.0006810108479163302,-0.00041135003842305965,-0.00030026756174259255,0.0004108483239474666,0.0007233957167523121,-0.9999996539358571,0.13309759235681973,0.0,0.0,0.0,1.0,-0.5164582564470576,-2.029675529119235,0.8002364394635083
0.0006934715194327756,-0.9999774949602684,-0.0007231265970776835,0.3865540826022109,-0.9999776720105976,-0.0006931741840981442,-0.0004113588322604467,-0.00029931760352708406,0.0004108483219246539,0.000723395716749057,-0.999999653935858,0.12969759703005118,0.0,0.0,0.0,1.0,-0.5137990203710021,-1.9576423218497097,0.7924302943101079
0.0006934715194327756,-0.9999774949602684,-0.0007231265970776835,0.3865540826022109,-0.9999776720105976,-0.0006931741840981442,-0.0004113588322604467,-0.00029931760352708406,0.0004108483219246539,0.000723395716749057,-0.999999653935858,0.12969759703005118,0.0,0.0,0.0,1.0,-0.5065300247710998,-2.082981768725702,0.650424464051712
0.0007056703693211208,-0.9999774864297443,-0.0007231215788064405,0.3865588105298456,-0.9999776634764469,-0.0007053730318282159,-0.0004113676516466171,-0.00029837642921447824,0.00041084831983166767,0.000723395716747031,-0.999999653935859,0.12629760409681806,0.0,0.0,0.0,1.0,-0.5280752571122004,-1.9385114780192259,0.8301742520467517
0.0007117819623072563,-0.9999774821000189,-0.0007231190646244112,0.3865612392625511,-0.9999776591449048,-0.0007114846237331052,-0.0004113720700906001,-0.00029790689239348264,0.00041084831875986215,0.0007233957167455422,-0.9999996539358593,0.12459760781455859,0.0,0.0,0.0,1.0,-0.5120522448505385,-1.9814441172506325,0.701055366246854
0.0007117819623072563,-0.9999774821000189,-0.0007231190646244112,0.3865612392625511,-0.9999776591449048,-0.0007114846237331052,-0.0004113720700906001,-0.00029790689239348264,0.00041084831875986215,0.0007233957167455422,-0.9999996539358593,0.12459760781455859,0.0,0.0,0.0,1.0,-0.5027050053686262,-2.0906794468800607,0.9204682668028861
0.0007179127596460555,-0.9999774777191595,-0.0007231165425141128,0.3865637543430378,-0.9999776547622229,-0.0007176154199871609,-0.00041137650237407775,-0.00029743894549654637,0.0004108483176556043,0.0007233957167430383,-0.9999996539358598,0.12289761178438707,0.0,0.0,0.0,1.0,-0.5156365398925448,-1.9240858967110128,0.5686230772727503
0.0007240537442345096,-0.9999774732933393,-0.0007231140161875205,0.3865660814058569,-0.9999776503345774,-0.0007237564034892618,-0.0004113809419936721,-0.0002969759280600446,0.0004108483165361976,0.0007233957167425829,-0.9999996539358602,0.12119761520808686,0.0,0.0,0.0,1.0,-0.4990190122536304,-1.9749516546254706,0.4917577155052597
0.0007363058276650958,-0.9999774643505592,-0.0007231089757456233,0.38657051559492833,-0.9999776413881549,-0.0007360084847523596,-0.0004113897994586917,-0.0002960507179620509,0.0004108483141808382,0.0007233957167393885,-0.9999996539358613,0.11779762144478301,0.0,0.0,0.0,1.0,-0.5057643233628935,-2.306619306163449,0.8515119166597763
0.0007363058276650958,-0.9999774643505592,-0.0007231089757456233,0.38657051559492833,-0.9999776413881549,-0.0007360084847523596,-0.0004113897994586917,-0.0002960507179620509,0.0004108483141808382,0.0007233957167393885,-0.9999996539358613,0.11779762144478301,0.0,0.0,0.0,1.0,-0.5109014918713557,-1.9917799431259848,0.7914098158959436
0.000748503332716477,-0.9999774552985,-0.0007231039576504061,0.386574784134158,-0.9999776323324697,-0.0007482059876460223,-0.00041139861737624376,-0.00029512204125538576,0.00041084831180641294,0.0007233957167377828,-0.9999996539358622,0.11439762724720837,0.0,0.0,0.0,1.0,-0.5127821353717187,-2.169961287125378,0.810738920302754
0.000748503332716477,-0.9999774552985,-0.0007231039576504061,0.386574784134158,-0.9999776323324697,-0.0007482059876460223,-0.00041139861737624376,-0.00029512204125538576,0.00041084831180641294,0.0007233957167377828,-0.9999996539358622,0.11439762724720837,0.0,0.0,0.0,1.0,-0.5043517523982416,-2.1328216619102736,0.9218134461661784
0.0007546283355281957,-0.9999774506968752,-0.0007231014377613865,0.3865768104143062,-0.9999776277290242,-0.0007543309893742745,-0.00041140304523781877,-0.0002946624935435586,0.00041084831056288076,0.0007233957167354596,-0.9999996539358625,0.11269762986738668,0.0,0.0,0.0,1.0,-0.4896118189391627,-1.676756152119032,0.6795716172567983
0.0007607782891255188,-0.9999774460387598,-0.0007230989075816541,0.3865789359256543,-0.9999776230690804,-0.0007604809418837455,-0.00041140749109704305,-0.0002942033188231684,0.0004108483092901218,0.000723395716734664,-0.9999996539358632,0.11099763273016416,0.0,0.0,0.0,1.0,-0.47577047528867844,-1.7718348034380702,0.6942712383139691
0.0007669406348403962,-0.9999774413333206,-0.0007230963722753558,0.38658109065146995,-0.9999776183618095,-0.0007666432865087169,-0.00041141194588929623,-0.00029374558647612904,0.0004108483080050373,0.0007233957167329208,-0.9999996539358638,0.10929763566534695,0.0,0.0,0.0,1.0,-0.4983073163455729,-2.0374976711535733,1.137181798338652
