0.0011415762074108438,-0.9997840110174734,-0.019663147020970495,0.36493626833510184,-0.9997988454861308,-0.0015126554383520507,0.01886770581133923,-0.208756564331756,-0.01889337416103481,0.019637652766147658,-0.9996286162003611,0.12677012193118575,0.0,0.0,0.0,1.0,0.7520552168798549,-2.61275513104235,3.034397634215848
0.0011928722578009032,-0.9998228502211906,-0.01757421524554298,0.36493716400491505,-0.9997789128558796,-0.0015424818945252716,0.019893662125850475,-0.20875707731298498,-0.019917245876831812,0.01754659921482813,-0.9996476325014358,0.12669667371355747,0.0,0.0,0.0,1.0,0.8788926006167005,-1.9767250428786478,2.712993227200578
0.0012911697750037088,-0.9998495367987421,-0.01597629790993821,0.364939548271761,-0.9993659364266864,-0.0018487140390012757,0.03493358395481877,-0.20875853488241403,-0.0349578633421829,0.015921062733662148,-0.9992619289341332,0.1264958214971395,0.0,0.0,0.0,1.0,1.4912257126489064,-3.0764407943382865,3.764951871978039
0.0018313118516859461,-0.9999663425648363,-0.004467116673386284,0.3649388329913966,-0.9991745143183789,-0.002008674028491253,0.04002898818910777,-0.20875775695496168,-0.04003661389727722,0.004390123572052665,-0.9991885332474459,0.12656213304198372,0.0,0.0,0.0,1.0,0.7510106401161495,-2.636561781243719,3.473949970057307
0.001838642998809037,-0.9999557495409985,-0.006412049588067126,0.364938454819486,-0.9990385418118506,-0.002114502607282742,0.043285072728640156,-0.20875528858383677,-0.04329671563987594,0.00632629887456233,-0.9990421853450216,0.1266705237706311,0.0,0.0,0.0,1.0,1.0026958538603843,-3.5201451839290976,3.815893158888294
0.0016701447300659922,-0.9999022644865132,-0.012193147773039037,0.3649377741433302,-0.9991953338899444,-0.002150599479628368,0.03949838639333955,-0.20875104509059977,-0.03952074857551927,0.012117368338370273,-0.9991452369999605,0.126858436399781,0.0,0.0,0.0,1.0,0.14893268390736558,-2.8869633909618626,4.068461654790316
0.0016496772680859029,-0.9998740152199664,-0.014326042830741459,0.36493662398076715,-0.9994522775849014,-0.002112511198301803,0.03235308961218458,-0.2087442396045922,-0.03237927754121367,0.0142648239794778,-0.9993738249971118,0.1271653686450398,0.0,0.0,0.0,1.0,0.338975105610996,-2.452790637209293,3.7089337683869106
0.0016826059713405672,-0.9998705300050948,-0.014563502900594438,0.3649359661991093,-0.9996666695757708,-0.0020444514323254004,0.02486747653563251,-0.20874056518362627,-0.02489403131793696,0.014516806277483335,-0.9995846702476054,0.12733391971135033,0.0,0.0,0.0,1.0,1.6673207864422201,-2.517876136959319,3.237618999045405
0.0016709172351700996,-0.9998540016947643,-0.015658490958257498,0.3649360246771654,-0.9997290566682243,-0.0020186846531919933,0.02222057857921983,-0.20874102096592104,-0.022248943967795542,0.015617119646823269,-0.9996304604945343,0.12731357408579708,0.0,0.0,0.0,1.0,1.4716435789900677,-2.3279343104246304,3.388068816248674
0.0016653242932713752,-0.9998610653964008,-0.015201348200017506,0.3649360545379167,-0.999882580412462,-0.0018734319222150075,0.013686420366728985,-0.2087410197191031,-0.013712997540319292,0.015176770935657152,-0.9997907785684197,0.12731261725275095,0.0,0.0,0.0,1.0,1.1017876812062561,-2.3030440658912763,3.3699015388666353
0.0015705246635615566,-0.9998297436631642,-0.0171471366801485,0.364937465692689,-0.9999750794055322,-0.001538821304358673,-0.0018619796685863388,-0.20874424285577226,0.0018352762755166115,0.0171496336483016,-0.9998512433034156,0.12709816541595098,0.0,0.0,0.0,1.0,1.1399140602341309,-2.461180361702004,3.1086009922995683
0.0015182499242841763,-0.9996713197896591,-0.02471777522628521,0.36493935204145195,-0.9999081620885966,-0.001227990787859734,-0.011754136543490584,-0.20874589419947345,0.011719919991144852,0.024733350914351054,-0.9996253657555814,0.12689016440030387,0.0,0.0,0.0,1.0,0.2807448530747965,-2.017444812177415,3.1529302644558124
0.0015040333093893077,-0.9994848842267452,-0.03136465519015996,0.36493816165326065,-0.9999337316971847,-0.0012119173504975267,-0.0093306763160384,-0.20874590857074227,0.009287858567675583,0.03137661035567051,-0.9994644550379408,0.12697758140734783,0.0,0.0,0.0,1.0,1.03912536820891,-2.8597551439506397,3.9139476493377017
0.0014161557963556226,-0.999191609259317,-0.03962557008569256,0.36492956733367116,-0.9999756961970754,-0.0013511996723927777,-0.0016660178838634188,-0.20874567964290586,0.001611129033114122,0.03962696637452939,-0.9992132097704647,0.12759645908092754,0.0,0.0,0.0,1.0,1.482438189934374,-1.439513023619844,3.3572986133329747
0.0013130990635674689,-0.999207898911195,-0.03921622649093631,0.364925968236637,-0.9999728454463486,-0.001197223365780209,-0.0029781932924130006,-0.20874544359838612,0.002928883679590759,0.039219072254633565,-0.999226309673902,0.12782383957122673,0.0,0.0,0.0,1.0,0.8842793019619468,-1.431440954900405,3.687421872706562
0.00116730479682009,-0.9994193336836297,-0.03340173908510241,0.36492471190943837,-0.9999236569219496,-0.0008205768163422333,-0.010392591266688761,-0.20874535564617483,0.010359147946281635,0.03341132041516532,-0.9993879716470747,0.12790346568255767,0.0,0.0,0.0,1.0,1.2981058867249464,-2.1004631701991174,3.1984733161867918
0.0010160914116306707,-0.9995506333834284,-0.029215246706803366,0.36493112993664956,-0.9999457695046945,-0.0007829650446481429,-0.007990121629148556,-0.2087453773384572,0.007963656618283943,0.029221781043469165,-0.999541208413246,0.1274923360948656,0.0,0.0,0.0,1.0,0.6499677791273568,-1.7722856255376622,3.295074752462742
0.0008674060522116389,-0.999788385150056,-0.019453621727278214,0.3649339473899477,-0.9999769364972113,-0.000844485551762475,-0.0011864225950860008,-0.2087453759671486,0.001169743227968402,0.0194542021687586,-0.9998100564622852,0.12730735100456853,0.0,0.0,0.0,1.0,0.22269648128283365,-2.5642494136668375,3.630815536026818
0.000831689193138585,-0.9997968794405809,-0.019013634099855126,0.36493415953089525,-0.9999667968905179,-0.000920117150176536,0.004642592838089099,-0.20874544406231949,-0.004659144602857075,0.019009141593788796,-0.9998084456784994,0.12728716821154656,0.0,0.0,0.0,1.0,0.7274701172667054,-2.7906925534229043,3.363244855798376
0.0007574983162956794,-0.9995713885999558,-0.028504302516848157,0.3649334431526596,-0.9999549985770282,-0.0009492789759940057,0.006715347611826239,-0.20874531878956312,-0.006739527872389138,0.028497932918164808,-0.9995711124499749,0.1273397408719396,0.0,0.0,0.0,1.0,1.439518123856419,-3.3993502386198773,3.5732233141682976
0.0007299024974580792,-0.9995647207637476,-0.02873789847181185,0.3649307563075397,-0.9999732223900382,-0.0008158879144759545,0.002980509946864718,-0.20874489108011712,-0.0030026594968219755,0.028734953457921455,-0.9995825377385703,0.12753431107829205,0.0,0.0,0.0,1.0,0.7463354596206783,-1.6028361476840005,3.7477953648440154
0.0007236956814076767,-0.9996930083938415,-0.023861779230977764,0.3649273022158454,-0.9999343135868992,-0.0009458201408624745,0.009299030048881413,-0.20874434476597437,-0.009318744276104417,0.02385348216840222,-0.9996720179799383,0.12778470005562653,0.0,0.0,0.0,1.0,1.4722092534571618,-2.815507122950246,3.6064580820364083
0.0006890163474676525,-0.9996110398362754,-0.02707989629029761,0.36492825583802285,-0.9998715279872833,-0.0010833953796163254,0.014551883458817805,-0.20874458129934986,-0.014575561590366545,0.027066390795927424,-0.9995273492529897,0.12771221576495334,0.0,0.0,0.0,1.0,0.5560071944699816,-2.5905295292912403,3.6978658267835165
0.0006346266677858536,-0.999448361019298,-0.03253631369244209,0.36492730704352705,-0.9999025489541158,-0.0010333723896202573,0.012240324692715798,-0.20874422713200433,-0.012267194580708685,0.03252537495817116,-0.9993955987209089,0.12778396288370042,0.0,0.0,0.0,1.0,-0.1854138900368625,-2.4208450666239063,3.7057211417161704
0.0005885547377070255,-0.9992374232182226,-0.038474472101010515,0.36492556207146104,-0.9998745496678714,-0.0011409845674955066,0.014338282550637932,-0.20874364676150622,-0.014371247288184006,0.03846120660158123,-0.9991567087549613,0.12791482989519537,0.0,0.0,0.0,1.0,1.1946106378345946,-2.8253593501467,3.5384126579197654
0.0005247702297068724,-0.9990297513256043,-0.04353571187027938,0.36492789914519475,-0.9998924908824492,-0.0010930742802851556,0.013031253090702938,-0.2087443703501292,-0.013066197301585208,0.043524192970636276,-0.9989668804494141,0.12777160398572085,0.0,0.0,0.0,1.0,1.3882808076545339,-2.8818964276763532,3.674526959118494
0.0004968755235597033,-0.9989352703673977,-0.045652652330927246,0.36492262506301026,-0.9998110953769713,-0.001330008939126881,0.018221236694052623,-0.20874363722364112,-0.01826255443909681,0.04563497464732619,-0.9987911803117262,0.1280661968018792,0.0,0.0,0.0,1.0,0.7639653578543927,-1.8776532185897092,3.585236497578293
0.0005616029734485939,-0.9991082523601631,-0.04169478850929159,0.36491747640588534,-0.9998563406617589,-0.0012109731099028687,0.015551091396799333,-0.20940568217307082,-0.015587715015457193,0.041680065124397495,-0.9990093634033335,0.12834357749069214,0.0,0.0,0.0,1.0,1.1159008388453076,-2.3356547592658776,3.4084733335501856
0.0006659506106395652,-0.9992746684361444,-0.03749332756043583,0.3649216796596706,-0.9997604514829089,-0.0014469551624733956,0.020807672695042162,-0.21068626369360324,-0.020846831397137954,0.03747048920708068,-0.9990802225774773,0.1281127861370649,0.0,0.0,0.0,1.0,1.2947809959328975,-2.3707730777813283,3.2258639849733206
0.0009747019868178719,-0.9995930606833348,-0.027727081343634163,0.3649244636990847,-0.9996141170111268,-0.0017214032352697028,0.02691988023562278,-0.21198291619508972,-0.026956654965484512,0.027690143073861945,-0.9992529854887917,0.12794812641422515,0.0,0.0,0.0,1.0,1.1683331580465404,-1.4913648195480358,3.232835151027195
0.0013015665918320596,-0.9997998257999797,-0.018831465133474445,0.3649278927007364,-0.9996198854003417,-0.001804198711195415,0.026699347703510068,-0.2132714533738447,-0.026727978888066186,0.018789556039649675,-0.9994661178614981,0.1277185045602126,0.0,0.0,0.0,1.0,2.4006317417775125,-2.9762583128257574,3.2699357178588806
0.001352501512700055,-0.99978867526619,-0.019410985259365188,0.36493119604401786,-0.9995599184538304,-0.0019122997221190374,0.028850361819073245,-0.21434575550732565,-0.028881384645759005,0.01936342268495738,-0.9993952522771805,0.12745257917853525,0.0,0.0,0.0,1.0,2.6350659344691656,-2.7127065284320855,3.5065379338940095
0.00157305664480617,-0.9998896407205782,-0.013199763580619639,0.3649324951589888,-0.9996027466418914,-0.0019333085843891706,0.027324682964901592,-0.2154168520832395,-0.027347186648821464,0.013151536656105798,-0.9995394579216386,0.12731219174597352,0.0,0.0,0.0,1.0,2.605053183634677,-2.768936491890974,3.3632009412105335
0.0017008118380434367,-0.9999387900104348,-0.008690282719597597,0.36493626272881863,-0.9998819421125898,-0.0018201229220536352,0.013740142519221843,-0.2166979476019731,-0.013755118868018659,0.008665887366125571,-0.999867835001109,0.12689309371382257,0.0,0.0,0.0,1.0,2.5266312312236763,-2.1056220867671,2.9487588451708113
0.0017073815708925077,-0.999921173963763,-0.010522822752409788,0.3649371806692118,-0.9999597371289702,-0.001768257499242032,0.005778674129211847,-0.2181886006951042,-0.005796825679480656,0.01051253267164212,-0.9999279359667026,0.1266788420619751,0.0,0.0,0.0,1.0,2.447982981947487,-2.594938591220612,3.8369037410045452
0.0017152325704694604,-0.999900411718082,-0.012337971505452794,0.36493472708942537,-0.9999637384268193,-0.0017774743369837198,0.005035648037272522,-0.2194637414754281,-0.005057076973457588,0.012328886803669262,-0.9999112044116595,0.1268823786288002,0.0,0.0,0.0,1.0,2.422909422224844,-2.4859154327885915,3.8572327550273338
0.0016918249014258313,-0.999804308608093,-0.018560484790101417,0.36493143831476893,-0.9999764213124613,-0.0016815593463848089,-0.0005686917840983796,-0.22073890766208837,0.0005373699393393522,0.018561009285151673,-0.9998275776322691,0.1271509937451939,0.0,0.0,0.0,1.0,3.0192528754253827,-2.155954911488309,3.2895410143427815
0.0016234848764916099,-0.999586318071688,-0.027938961860577205,0.36492913026098106,-0.9999747989104835,-0.0016770242948927483,0.001893016105108114,-0.22201508711339155,-0.0019390873163697454,0.02793518448528073,-0.99960783855479,0.12722607677342018,0.0,0.0,0.0,1.0,3.060910621140827,-2.6870775950987866,3.705224522115621
0.0015987653057799034,-0.9995787095280247,-0.028211285858425084,0.3649268356272746,-0.9998408916886731,-0.00206286851717552,0.01642991109269548,-0.2230786433166466,-0.01648118550112312,0.028180529636539692,-0.99946694861396,0.12740985973123714,0.0,0.0,0.0,1.0,3.093700167085569,-2.4492629458718884,3.652654068825347
0.0013876599629358832,-0.9993548507997749,-0.03527046278473095,0.3649254621547472,-0.9987979049306428,-0.0030974406825837186,0.04846904751200451,-0.22456825353573304,-0.048547025911089496,0.0351608057786494,-0.9982017561035594,0.1273942711978059,0.0,0.0,0.0,1.0,2.871788827359266,-2.8896451288402054,4.13002589798196
0.0010672382266349034,-0.9991050259223683,-0.04176217364581253,0.3649178506548452,-0.9975028188914183,-0.003999817341121481,0.07020212859407943,-0.22584809715773935,-0.07030634057514451,0.04158296353950412,-0.9966582072070834,0.12729819344274546,0.0,0.0,0.0,1.0,1.9902167368441446,-2.3255618935640388,3.611904728008122
0.0009382356021104266,-0.9990074516230705,-0.04403760751050817,0.3649122265290946,-0.9965051834288778,-0.004600725859548183,0.08314175324096917,-0.22670184098711024,-0.08326183598840098,0.04380569759711518,-0.9955642309729534,0.12720914669100364,0.0,0.0,0.0,1.0,2.6365209673269163,-1.346719317433571,2.470241050797646
0.0016215130159923374,-0.999263171361421,-0.03776959162048543,0.36490860305258205,-0.9954896722441899,-0.00518699974247977,0.09449759081713735,-0.22821268286807253,-0.09462387314795576,0.03744600930958412,-0.9948083550506492,0.1266978144596147,0.0,0.0,0.0,1.0,3.5879167137333496,-2.519219426440211,3.330957181274969
0.0028999516546456827,-0.9996748214654896,-0.0244512195311119,0.3649032270646821,-0.9961935118380055,-0.005012174497548316,0.08677379009478006,-0.22949733838595063,-0.08686812689985096,0.024106506457255178,-0.9959279327421379,0.12630090094576202,0.0,0.0,0.0,1.0,3.11172352386099,-3.3712452585957733,3.26886669005655
0.003460972316870592,-0.9998076755170355,-0.018128494941197282,0.3648976300805627,-0.9971569477701847,-0.004809957343511306,0.07490745600308935,-0.23061595573447013,-0.07498024675271253,0.017817702051677577,-0.9970256920994123,0.12582557252824506,0.0,0.0,0.0,1.0,2.2939632610449583,-3.0994147197164414,2.992819955393691
0.0034342205946245596,-0.9997999873112762,-0.01855265121037125,0.36490078995472836,-0.9981846082875429,-0.004536278091824386,0.05969138106147337,-0.2311221917258108,-0.05976360201308452,0.01831397751095698,-0.998044457005819,0.12533845585934777,0.0,0.0,0.0,1.0,1.7098614540097439,-2.513389105136367,3.4770190232671756
0.003282615781654563,-0.9997950884605599,-0.01884185143041761,0.3649003203645169,-0.999140639083846,-0.004047726108689476,0.04071444964879878,-0.23133123304972314,-0.04078237344221477,0.018692009584751892,-0.9989931522410298,0.12537983793798974,0.0,0.0,0.0,1.0,2.064378854333143,-2.98390306956658,3.7304706621774844
0.003092872721210116,-0.9997647499577084,-0.02041791969793444,0.3648974455128363,-0.9994269227939442,-0.0037653424786195377,0.03298014969845697,-0.2314968504036291,-0.0330492715772093,0.020304215248216767,-0.9992474259566927,0.12571699905465622,0.0,0.0,0.0,1.0,1.7336874651256498,-2.496286975631515,3.5641524944900054
0.0027482415831696083,-0.9995901626014302,-0.027712488396427593,0.3648974125912837,-0.9997110483719553,-0.0033822029575788504,0.022856020509789576,-0.23171900999535583,-0.02294038251801844,0.027641666961797533,-0.999354601887305,0.1257360506079937,0.0,0.0,0.0,1.0,1.3802214554452734,-2.640379389611396,3.759982199319607
0.0025926743623018167,-0.9995453910219021,-0.02929712129970885,0.3648984882432552,-0.9995638104149019,-0.00343019138874473,0.0285736389588348,-0.23193286060934212,-0.0286611438592244,0.029210260059358367,-0.9991622620176366,0.12593038834969222,0.0,0.0,0.0,1.0,1.691326518290813,-2.9079664395665965,3.712966845912691
0.0019512628144351396,-0.9989776156918995,-0.0446765931359237,0.36501092315658074,-0.9992606216788847,-0.0036376211474291043,0.03769661028359267,-0.23208566597224162,-0.037820586380756444,0.044570004237621114,-0.998290021786702,0.12611317493899432,0.0,0.0,0.0,1.0,1.2531330757138155,-2.7302126309111134,4.015095416799206
0.0014418730719083506,-0.9984932353425535,-0.054454611251752605,0.3654152152256557,-0.9990200402689325,-0.0038200106015080504,0.043594088010141835,-0.2322182244936753,-0.04373641917133729,0.05433839078395893,-0.9975641587406718,0.12641326901242755,0.0,0.0,0.0,1.0,0.42650205004347097,-2.469645817109875,3.6691098624679523
0.0008929400790729791,-0.9978809972174698,-0.06472168573806775,0.3662567320712102,-0.9991422405091217,-0.003535202564981521,0.04072287771231775,-0.23236714989748394,-0.04086539009056381,0.06462980700821572,-0.9970720889815592,0.12671988043493349,0.0,0.0,0.0,1.0,-0.5462216677651199,-1.667489756744077,3.0636942258951287
0.0007764450157940472,-0.9978339924645294,-0.06544389434291376,0.3670574909411157,-0.9991255888157033,-0.003475178739733076,0.04113453032661055,-0.2325242339472837,-0.041272861854220876,0.06535473076870724,-0.9970080476646328,0.12661602047135329,0.0,0.0,0.0,1.0,1.4675856223841879,-3.680383780445839,3.4755996896136314
0.0007624231878313181,-0.997917074038415,-0.06416469004714959,0.36822180066490895,-0.9985142921675687,-0.004229752157514088,0.05392067967641803,-0.23271292878320582,-0.054079767629016826,0.06402824968809206,-0.9964815366349676,0.12643708093422668,0.0,0.0,0.0,1.0,0.587668303593693,-3.46565067807488,3.2966139016338016
0.0008808371729192022,-0.9981062955703606,-0.06114904442571423,0.36942333883922984,-0.998479048701834,-0.004224245275888827,0.054569866388564064,-0.23286994281449916,-0.0547248357528996,0.06100797254037696,-0.9966358031137333,0.12661938985291787,0.0,0.0,0.0,1.0,1.1436654463941982,-3.962997717684908,3.482120644939648
0.0008460439570555089,-0.9981182400081173,-0.06095425244842173,0.3706459074493252,-0.9988579826686554,-0.0037271266238392275,0.047169175473942726,-0.2329571527118927,-0.04730759862382256,0.06084473443983758,-0.9970253998738259,0.12640074299877752,0.0,0.0,0.0,1.0,0.560040331744706,-3.988064796316404,2.90530619811201
0.00043837612109182134,-0.9976500903016083,-0.06819313753344874,0.3718640400355171,-0.999062147680917,-0.0033546555682744117,0.04265730477850502,-0.23298446764477643,-0.04278582845284346,0.0681104824974624,-0.9967597756442512,0.1259555971404107,0.0,0.0,0.0,1.0,0.6933677957713457,-4.85552218529359,3.7092596121746406
-0.0001293620686811936,-0.9969058262367503,-0.07832637535274278,0.3730562882318942,-0.9985251218454947,-0.004091814322614906,0.05373043235185174,-0.2329750550037401,-0.05388467804228741,0.07821780417269358,-0.995478789107726,0.12626968353790202,0.0,0.0,0.0,1.0,0.17225359924709222,-4.156850679788678,3.14324765981631
-0.0007261069789860075,-0.9960428805855283,-0.08862501148687957,0.3740600544591093,-0.998202731012234,-0.004556082058817634,0.05938601965089124,-0.23297552387813647,-0.059554804904380414,0.08850884910551642,-0.9942931700504507,0.12625568346107546,0.0,0.0,0.0,1.0,1.1535607354689532,-5.369239651260352,3.170218609103325
-0.0016941398468160451,-0.9945657423262856,-0.10388735840335339,0.3754730613542075,-0.9982430857612314,-0.004432216129717059,0.0587132277048901,-0.23298190823706197,-0.058854616122275244,0.1038043056427363,-0.9928545581586696,0.1260807232887236,0.0,0.0,0.0,1.0,0.8921116282988261,-5.484294431139696,3.634764605195073
-0.002107632340748178,-0.9938705544000297,-0.11033317226332467,0.37668294347287445,-0.9986639541689171,-0.0035575182455064303,0.05112494446951035,-0.23298479296000116,-0.05120408917699437,0.11029351467487486,-0.99257887905763,0.1260012921810667,0.0,0.0,0.0,1.0,0.2355507847099755,-3.856873044875035,3.052731078388143
-0.002138628455206293,-0.9938992626577049,-0.11007365424516952,0.3778971630968085,-0.9988542413208461,-0.0030883004228670075,0.0472943933784655,-0.2329879246228676,-0.04734580321965219,0.11004868153592273,-0.9927975780571174,0.1259137062531328,0.0,0.0,0.0,1.0,0.3140807607496263,-4.352257223969061,3.1920175675412636
-0.0018788878615429994,-0.9945667851207277,-0.10387419674574255,0.37912457485174234,-0.9991434983453289,-0.0023710337915757163,0.04077640617966488,-0.23299547438299376,-0.04080114843344323,0.10386184261896056,-0.9937542130474203,0.12568672232673905,0.0,0.0,0.0,1.0,0.40084063291870187,-5.314106090492359,3.4588617864206963
-0.0018069632834165072,-0.9947454935696811,-0.10214984732084587,0.3801698061659723,-0.9992563264139972,-0.002079468289087283,0.03792792448300139,-0.23300228527106737,-0.03794104932815563,0.10214241554453617,-0.9940457138566312,0.12547179487254773,0.0,0.0,0.0,1.0,-0.037943777677350216,-4.133374461052011,3.073674786592759
-0.001777592238345671,-0.994812399269172,-0.10149668947290724,0.3812428628368554,-0.9992890289451002,-0.0019954151664264286,0.03706089056487716,-0.23301067041109327,-0.03707116149541402,0.10149040741593814,-0.9941453175550237,0.1251962337834448,0.0,0.0,0.0,1.0,1.1974349241686686,-4.621130325746424,3.214452725702935
-0.0019269643447058504,-0.9944571856630318,-0.1049174499860614,0.3827458132208331,-0.998866856216038,-0.003026173160109169,0.047031238405474324,-0.23301539406939506,-0.04708805135413008,0.10488919094927537,-0.9933682053007683,0.12503783965651938,0.0,0.0,0.0,1.0,1.019312005212099,-4.698308047034879,3.745134049032447
-0.0023844860993051387,-0.9934844002517318,-0.11375246950990459,0.384020571903317,-0.9988039786219653,-0.0031374901229285768,0.04834113671687337,-0.23300417692395325,-0.04838306246819598,0.11373168789309257,-0.9923323587293316,0.12542247907737425,0.0,0.0,0.0,1.0,0.8967163540164496,-5.226023768408491,3.7135829866778174
-0.002931928332453426,-0.9921706689126137,-0.12468137733464746,0.3853469128679859,-0.9990334037373839,-0.002499293511705525,0.04338304727025488,-0.23300942047339074,-0.04335500238699944,0.12468805676673779,-0.9912479333423512,0.12524262215465715,0.0,0.0,0.0,1.0,-0.10831151683544782,-4.395090812961944,3.717775632802686
-0.0035245779269680866,-0.9904678626764349,-0.1375420556330178,0.3866578027376269,-0.99907362223852,-0.0023401943184689356,0.04245579320604334,-0.2330044582720626,-0.042372973892165364,0.13756427848301703,-0.9895856145657582,0.12541660284564338,0.0,0.0,0.0,1.0,-0.30434204858324965,-4.832280433853217,3.803117493363361
-0.003720601343979557,-0.9897358141311839,-0.14270972565029594,0.3877643078720357,-0.9993925223065883,-0.0011733574907262234,0.034194374722924054,-0.23300474802705823,-0.03401084683069121,0.14275025631188099,-0.9891737354692176,0.12540556459455948,0.0,0.0,0.0,1.0,-0.07285399943059878,-5.069312418594737,3.303000676115546
-0.004051418986996735,-0.9880885106691568,-0.15369357435702463,0.3888711695033609,-0.9993189471725993,-0.0015435197169578196,0.03626722306526928,-0.23300680284385936,-0.03607245548705788,0.1537358346297879,-0.9874527703806879,0.12532681404006696,0.0,0.0,0.0,1.0,1.2618707239861002,-5.517297991905234,3.1798511665805678
-0.004526468276102091,-0.9860306937251287,-0.16637365904581042,0.3904097544532016,-0.9990484087726679,-0.0026732017493281135,0.04302565053345084,-0.23301259228672785,-0.042869362399876876,0.16641009357360173,-0.9851236465398046,0.1251100559212877,0.0,0.0,0.0,1.0,0.41333218998136684,-4.986682467551144,3.168074038226694
-0.00465219954488999,-0.985382608682102,-0.17016680060764472,0.39167480239837055,-0.9993005670203761,-0.0016310459085902562,0.036766426893651144,-0.23301944677420292,-0.036506547508294684,0.1702188250897244,-0.9847291454122968,0.12485206790387687,0.0,0.0,0.0,1.0,0.278544892612777,-5.575488438460691,3.2099874416658736
-0.004855016166257553,-0.9841802219354256,-0.17698331047058713,0.39286535575459747,-0.9994483239294856,-0.0009193352665580745,0.032530653311355545,-0.23302793197212182,-0.032178732594582024,0.1770436098610457,-0.9836760973054128,0.12465159836261352,0.0,0.0,0.0,1.0,-0.14153520200882014,-5.199518839298327,3.775689314765217
-0.0051016569035520765,-0.9825812241807799,-0.18564919038250416,0.3939223803116829,-0.9994404587210617,-0.001001919771583093,0.03276899602904684,-0.2330370505963237,-0.032384205827818646,0.18571248817189778,-0.9820695347120634,0.12464420179604219,0.0,0.0,0.0,1.0,-0.04213707175958789,-5.747861254268398,3.8044315856480666
-0.005497089366739372,-0.9803464753450342,-0.19709965513550654,0.3949988867044802,-0.9991810086799527,-0.0024077112750296448,0.03984443375434299,-0.23305671164207,-0.03953590925516307,0.19715726064188102,-0.9795734515819935,0.1244353562300548,0.0,0.0,0.0,1.0,0.6110338475279891,-6.0086522150695,3.401476555371331
-0.005884001340827061,-0.9783765666539721,-0.20664594292730826,0.3959378488021986,-0.9991623641180998,-0.0025032378008652545,0.04030346921696834,-0.2331984585738008,-0.03994925377247258,0.20670999453757583,-0.9775853336874284,0.12413658061492866,0.0,0.0,0.0,1.0,0.5108880812919583,-5.8079990433007165,3.7677887729104356
-0.005885215193925208,-0.9780875524882054,-0.20800962038043969,0.3966673279189835,-0.9992870658749013,-0.001881126978594494,0.037119754710464276,-0.23349068644113385,-0.03669766254242535,0.20807978096813842,-0.9774221818842768,0.12406097466399135,0.0,0.0,0.0,1.0,0.43660072420969237,-4.473290407216247,3.314969266651011
-0.0060750738634444135,-0.9766602665463316,-0.21460623981880111,0.3971082034501263,-0.9993162451251141,-0.001766927180450406,0.036331425827089536,-0.23374915599370705,-0.03586265363052364,0.21468021785160785,-0.9760246868436298,0.12397061049628405,0.0,0.0,0.0,1.0,0.5837898342244903,-5.70730569491345,3.4944879654197174
-0.006370444963201549,-0.9743969071148846,-0.22465150778863702,0.3975730439618004,-0.9993036239763103,-0.001920597886221731,0.03666922145302781,-0.2340732785469574,-0.036161841181136425,0.22472866512203726,-0.9737489759924376,0.12374873149316179,0.0,0.0,0.0,1.0,-0.452325514435135,-3.9081814206616965,3.011212939617093
-0.006411256714587199,-0.9736487832453822,-0.2278710642027748,0.39811803908757004,-0.9993306336882444,-0.0018283493179988008,0.03593038743172072,-0.23442176641883297,-0.035400205909256854,0.2279488939266529,-0.9730281523975045,0.12356860122332486,0.0,0.0,0.0,1.0,0.7088476259747399,-5.135506707146236,3.5245946068280354
-0.0063764891104960975,-0.9732082863734897,-0.2297461397048452,0.3988397321774714,-0.9987749082678457,-0.004972403741438425,0.048785825509797154,-0.23476389375463128,-0.04862116020835518,0.22977576189370819,-0.9720270852810888,0.12336141721665478,0.0,0.0,0.0,1.0,0.6769916380914569,-4.731336519223729,3.327931777656091
-0.006524370143600466,-0.9717740286943051,-0.2357352528120824,0.3998687078872553,-0.998535645061875,-0.006231761298996885,0.053327760656595696,-0.23508583949397222,-0.05329157863978927,0.2357379827799899,-0.9703530494232379,0.12305559703559482,0.0,0.0,0.0,1.0,0.8716443509883034,-4.006940107553794,3.4496875745281814
-0.0064437988731307905,-0.9715675060860294,-0.23658722693961465,0.40072342755188073,-0.9987771780273965,-0.005237019772733165,0.048711609624344426,-0.2352288389134239,-0.04856562906561937,0.23661181069528125,-0.9703884083895628,0.12298593101868582,0.0,0.0,0.0,1.0,0.400314982561043,-3.9779836685406056,3.6648264865837032
-0.006355168191377436,-0.9715426467347986,-0.2366916917967612,0.40168040831131546,-0.9992522965755981,-0.002719333361756504,0.03799356203497306,-0.235287626350455,-0.03755600943229405,0.23675617208519903,-0.9708416617957234,0.12271596545721514,0.0,0.0,0.0,1.0,0.18885505105119332,-3.119109931478264,2.9921206100954665
-0.006224786526753123,-0.9716469515234426,-0.2362665958895382,0.40288729377779664,-0.9995523364491534,-0.0006882809637971388,0.029166498285209147,-0.23534393909542098,-0.02850215694576913,0.23634238317183417,-0.9712504368310724,0.12222270510833655,0.0,0.0,0.0,1.0,-0.02667577592245965,-3.2789725035539368,3.3434347874740333
-0.006147795405725964,-0.9713281353978218,-0.2375759583883718,0.4041052139185721,-0.9994464301798034,-0.0016378389986324016,0.032560582882471156,-0.23536398569891928,-0.03201612142848287,0.2376446193096563,-0.9708230901859517,0.12189869506831885,0.0,0.0,0.0,1.0,0.4653579515843542,-3.2898478503942434,3.439389956009162
-0.006295939003683415,-0.9695169819319335,-0.24485876647361698,0.40552629775156396,-0.9991981469155304,-0.0034452690669861674,0.039335170377729683,-0.23538045894062923,-0.0389797200023068,0.24491007754985833,-0.9687605116087121,0.12168625650056347,0.0,0.0,0.0,1.0,0.2667554348067911,-2.5168848833646527,2.727524812297434
-0.006641993619518893,-0.9668751683370105,-0.25508263430433875,0.4067377430127813,-0.9989473865066876,-0.005037894830387635,0.0451090054192147,-0.23539331804985647,-0.04489985669290186,0.2551137446077377,-0.9658664645314321,0.1215670742373578,0.0,0.0,0.0,1.0,0.45173427746962913,-3.120045463747534,3.15195162616299
-0.006551425949837653,-0.9668491679893694,-0.2551835123809442,0.40778746132217936,-0.9987794181156249,-0.006051179780562466,0.0485711355351206,-0.23540979631294648,-0.04850512329088269,0.2551902502062989,-0.9656719007001049,0.12123347490489006,0.0,0.0,0.0,1.0,-0.35053422670066064,-3.558526410803431,3.0003129139149785
-0.00696203683005886,-0.9642192593653353,-0.2649374133213541,0.40882027076305344,-0.998712626748484,-0.006491140090143288,0.04987041144031987,-0.23542505920861512,-0.04980575704821885,0.26494353962329603,-0.9629751341988866,0.12095723396580815,0.0,0.0,0.0,1.0,-0.8314734583004445,-2.7648565405886814,3.231485464962984
-0.0072360269189513104,-0.9622809014449684,-0.2718866562713985,0.4099918954341347,-0.9989628479812322,-0.005132697163693356,0.04475450964949999,-0.23544051851864922,-0.044461921758738684,0.27192851331353884,-0.9612880317613401,0.12074479211171213,0.0,0.0,0.0,1.0,-0.08424031930645404,-3.958435371650826,3.3325202824676863
-0.007403387388433269,-0.9607808682169381,-0.27713658580665135,0.4111165199300336,-0.9987301330192206,-0.006583636922572633,0.0495063551068102,-0.23546063038375697,-0.04938932550068949,0.27715117393221445,-0.9595542890381301,0.12033994565949319,0.0,0.0,0.0,1.0,-0.15254967449312876,-3.7677535045868407,3.3108603880065894
-0.007942944962593623,-0.9570340522320111,-0.28979720913878215,0.4120191117450855,-0.998749173547568,-0.006584284311026589,0.04912062637749877,-0.23547569136324206,-0.04891821932774405,0.28982488555559505,-0.9558267320177101,0.11993856226638003,0.0,0.0,0.0,1.0,0.7223343644969588,-3.224066747822113,3.4021089185018445
-0.00813991967276051,-0.9553907596924822,-0.2951644729559181,0.4123664560039185,-0.9988389789703442,-0.006109507795182434,0.04732294128673854,-0.23547990573602312,-0.04701521047520503,0.29520698573636184,-0.9542737935899879,0.11977220491587764,0.0,0.0,0.0,1.0,0.7250415333712458,-3.487591048977605,3.6520020097596535
-0.008464266842355461,-0.9528834576842363,-0.30315261944299654,0.4127967593288368,-0.99891931403519,-0.005650882796650991,0.045654764413923146,-0.23548181266223453,-0.045216749696468383,0.3032114407705935,-0.9518477461291585,0.11969569130068519,0.0,0.0,0.0,1.0,0.25776813475012605,-2.561946336731574,3.4183254846993787
-0.008719551112003232,-0.9507277507864232,-0.3098401719077627,0.4134203605535204,-0.9989895057256275,-0.00522386552841847,0.04414474662381086,-0.23548717479294434,-0.043588199060040425,0.3099120025625921,-0.9497632911508466,0.11947790178441392,0.0,0.0,0.0,1.0,-0.364619633248695,-3.4760196309347426,3.3464894780244805
-0.0086874343266784,-0.9501694418648322,-0.3115490744255083,0.4143974518510022,-0.9986218601077825,-0.007749285001793116,0.05148242370305012,-0.23549300540502457,-0.05133130836554402,0.31156696639255765,-0.9488344082474395,0.11923995159286221,0.0,0.0,0.0,1.0,-0.2044200034847802,-3.9216913568684757,3.6725618705260925
-0.008648679982494467,-0.9497658160274522,-0.31277850687350706,0.4151319713392048,-0.9982751494801887,-0.00984393073849843,0.057497501321518873,-0.2354976423112161,-0.05768813122032562,0.3127362881920633,-0.9480841961449213,0.11907195751014144,0.0,0.0,0.0,1.0,0.5710043579475037,-4.717490426829733,3.53442096807383
-0.009172181521109157,-0.9461629808434984,-0.32349974386857905,0.41613314534094226,-0.9979992022304995,-0.01146285851751122,0.06182521853220084,-0.235513821754837,-0.062204964852144495,0.3234195584295723,-0.9442063111790819,0.11855336747459805,0.0,0.0,0.0,1.0,0.5638390952929072,-3.4744231842818953,3.451071998382644
-0.009175728658178006,-0.9452877271576274,-0.3260484492467074,0.417095189871304,-0.997790655194061,-0.01269076548365733,0.06487628468882771,-0.23552767119041754,-0.0654645601056332,0.32592338298353507,-0.9431243165292641,0.11814847148253721,0.0,0.0,0.0,1.0,1.000005767086373,-3.7694724708069733,2.9738106043309176
-0.00929507712349309,-0.9441299751730918,-0.32938269544287035,0.4179924537704339,-0.9972736609827031,-0.015262070169201225,0.07189253082620564,-0.23554288415336247,-0.07290295515444598,0.3291529331672949,-0.9414555241508714,0.117736865471122,0.0,0.0,0.0,1.0,1.0901207645872695,-4.782604070757729,3.7188251489651516
-0.009537194779656477,-0.9425856491824749,-0.3337697296521605,0.41877300708396226,-0.9968045910043744,-0.01741790864025844,0.07767550153159136,-0.23555948061577592,-0.07902938369469452,0.3334440052432769,-0.9394489257164219,0.11735418752658353,0.0,0.0,0.0,1.0,-0.11665101835866293,-4.417390634414373,3.599900434726182
-0.009962440643928927,-0.9402564323494491,-0.34026413327885174,0.41930311302098566,-0.9968732685293535,-0.01723975624451496,0.07682923447074073,-0.2355598682165951,-0.07810525262007652,0.3399656253931297,-0.9371859945254366,0.1173453614774321,0.0,0.0,0.0,1.0,-0.22106545040082815,-3.0755774802019595,3.5682920413493395
-0.010852333691405813,-0.935423123283942,-0.35330906388119176,0.4199398038005525,-0.996986577086303,-0.016917383697747423,0.075417582525473,-0.23557478431597556,-0.07652441559407235,0.35306285102424084,-0.9324617384243761,0.11702020631951168,0.0,0.0,0.0,1.0,1.1667324448588499,-4.035384079077661,3.488156376142645
-0.011155457888107678,-0.9333603707275259,-0.35871385644432546,0.4202157030411551,-0.9971919673994268,-0.01607548928262731,0.0728422028174062,-0.23558583035476593,-0.07375452618106457,0.358519164367159,-0.930601086762501,0.11678300542863385,0.0,0.0,0.0,1.0,1.2654904035952843,-3.7887769150171753,3.36109052229884
-0.011283723585257421,-0.9318953242564124,-0.36249904694245694,0.42035545953422826,-0.9977501950838314,-0.013344391948998557,0.06536556933242138,-0.23559054583960093,-0.06575119779178043,0.3624210618208794,-0.9296890788385432,0.11668118308623576,0.0,0.0,0.0,1.0,1.3510008238506772,-4.102283926700996,3.5300597154034556
-0.011334958376523374,-0.9306071132409379,-0.36579201995617894,0.4204345439140519,-0.9979742918499425,-0.012243942609959146,0.062077068824349865,-0.23560289071119345,-0.0622480983166117,0.36575467307138837,-0.9286240550742562,0.11641076511660639,0.0,0.0,0.0,1.0,0.05001317457123952,-3.11425042704694,3.5576124465756083
-0.0113373345557371,-0.9294308806181815,-0.368770499955586,0.42042212892983966,-0.9984277998440978,-0.00957513988351888,0.05483039039845411,-0.23558705078049466,-0.05449208715466383,0.3688123493978328,-0.9279019057267099,0.11645325180525051,0.0,0.0,0.0,1.0,0.3036615991139021,-3.630189661122146,3.653327516071086
-0.011229280824825605,-0.9288138167432954,-0.37032529792997815,0.42040981546026523,-0.9982739894746238,-0.010794570122305058,0.057346823217068923,-0.2354832211510402,-0.057262024146917515,0.37033007615025426,-0.9271302581514546,0.11649513059812394,0.0,0.0,0.0,1.0,-0.21496585545390975,-3.8074511102759034,3.832842497291565
-0.01110792562985169,-0.9282681910529924,-0.3716945700255667,0.42046424768135804,-0.9980099347451967,-0.012649736008662371,0.06141917087745627,-0.23508746192868366,-0.0617153008330677,0.37163711315871373,-0.9263211279368698,0.11631505587281243,0.0,0.0,0.0,1.0,0.508348137617346,-2.847168644773027,3.493578816915754
-0.01078899607753847,-0.9290375509153679,-0.3697767406084316,0.4204923260179373,-0.9979836326330955,-0.012996292455821679,0.06177319419093423,-0.2341681238784672,-0.06219534370767263,0.36969760560545134,-0.9270648491796321,0.11623051293467995,0.0,0.0,0.0,1.0,0.8970178358843538,-4.632227295499461,3.561897091918592
-0.010795297457921071,-0.9282823528203611,-0.371668411434799,0.42047139017026247,-0.9978737933106191,-0.013763030437012769,0.06336120661233882,-0.233155061537239,-0.06393237361069223,0.3715621706448477,-0.9262008148550516,0.11634037568526179,0.0,0.0,0.0,1.0,0.05548260806534283,-3.3025211621574466,3.1933100607043965
-0.010611685096495183,-0.9284835999553154,-0.37117065286128437,0.4205130813907634,-0.997820091697015,-0.014220042537553934,0.0641017163256482,-0.23187495962587643,-0.06479545480973135,0.3710417621010802,-0.9263494569646133,0.11625281445103508,0.0,0.0,0.0,1.0,-1.3006225817234272,-2.96914138204784,3.469571706709372
-0.010389246806598362,-0.929043332450323,-0.36977366215346497,0.42050939963377876,-0.9982498443612734,-0.011752875186262168,0.05757827947156792,-0.2305332171885666,-0.05783862033547815,0.3697246956497239,-0.92733606665044,0.11631446009304494,0.0,0.0,0.0,1.0,-1.696189393638122,-2.49879594491642,3.4547053682813
-0.010546840166566263,-0.9269992939134334,-0.37486431051884606,0.4205206675854257,-0.998355012689625,-0.011219087574403763,0.05583486473305885,-0.22918597568589352,-0.055964515711527094,0.3748365448789916,-0.9253967887233405,0.11632597927251687,0.0,0.0,0.0,1.0,-1.7207671894323746,-2.9896766183035943,3.4783100727640144
-0.01100967590247165,-0.922419990053535,-0.38598277073601245,0.42050833559684603,-0.9985588792782333,-0.009971539938122997,0.05231488948480012,-0.227831137208517,-0.05210514245204259,0.38600249294496103,-0.9210214183357214,0.11638046896567933,0.0,0.0,0.0,1.0,-1.9055660964349534,-2.2758067335628698,3.913947999088123
-0.010954637635216646,-0.9210481782545437,-0.3892465939620999,0.4203865759172961,-0.9988494640461223,-0.007911026557471446,0.04683219585165915,-0.22646263827419785,-0.04621404881507005,0.3893117814960384,-0.9199422995604756,0.1167697540341158,0.0,0.0,0.0,1.0,-1.823333521172086,-1.2251274648330426,3.7527725360840725
-0.010853407923628822,-0.9200044834942628,-0.39170996950240855,0.42029979067587686,-0.999061407476883,-0.006243840486182761,0.04234845551754084,-0.22509920390117316,-0.041406543511615435,0.3918019385164707,-0.9191136535313252,0.11704569354537109,0.0,0.0,0.0,1.0,-2.7344949172676483,-0.4317990409823477,3.7483032945582466
-0.010368666208474486,-0.9222973530223378,-0.38629346907099216,0.42026687463668044,-0.9995141829375911,-0.0015023662803172466,0.030416704852356452,-0.2237427313363951,-0.028633600655229074,0.38642118177239615,-0.9218742754947785,0.1171527871872895,0.0,0.0,0.0,1.0,-2.1393709445878053,-1.8876049920654987,3.213064750285357
-0.010225794933439059,-0.9209047565554486,-0.38960561653997916,0.4202806643995831,-0.9996685913184574,0.00058020824996452,0.024867495278396615,-0.22261695732648332,-0.02267454229254659,0.3897307877635053,-0.9206460075615827,0.11711462866751676,0.0,0.0,0.0,1.0,-2.524822016963887,-1.505061485917851,3.702609714202851
-0.010061313853099607,-0.9175777703215273,-0.39738237085710376,0.420265803597071,-0.9998448329356517,0.004125812206824675,0.015789012466534372,-0.2212629530608096,-0.012848121818162223,0.39747956841105025,-0.9175172796287375,0.11716546012427592,0.0,0.0,0.0,1.0,-1.9211847863644624,-1.8721265816512025,3.5438782593961315
-0.0098210717860846,-0.9162323176163405,-0.4004808844223502,0.42022963942995695,-0.9999159982800224,0.006897131129363965,0.008742056265817214,-0.2199087214888904,-0.005247585298497559,0.4005330997013852,-0.9162634106328472,0.1172776418054616,0.0,0.0,0.0,1.0,-2.2271905888770673,-0.2317124499281654,3.437291481896217
-0.009521461640253748,-0.914577990047717,-0.4042519356981553,0.4202537391054639,-0.9999319375480087,0.009196576731592965,0.0027455051334788483,-0.218556879407875,0.0012067553789002483,0.4042505625420012,-0.9146435560839298,0.1172116406963945,0.0,0.0,0.0,1.0,-1.8674280380138961,-1.926654494904474,4.124788216872655
