0.07871659912877138,-0.9934643087255636,-0.08239330839959635,0.3659800430094957,-0.9968714923399898,-0.07822893069176323,-0.00913564744371093,-0.0902175949499798,0.0026303992601696274,0.08285466740074307,-0.9965580177173596,0.21669605456976698,0.0,0.0,0.0,1.0,0.7038442327597085,-2.1370732033034163,-0.3269171082209155
0.07871659912877138,-0.9934643087255636,-0.08239330839959635,0.3659800430094957,-0.9968714923399898,-0.07822893069176323,-0.00913564744371093,-0.0902175949499798,0.0026303992601696274,0.08285466740074307,-0.9965580177173596,0.21669605456976698,0.0,0.0,0.0,1.0,0.7038442327597085,-2.1370732033034163,-0.3269171082209155
0.07871659912877138,-0.9934643087255636,-0.08239330839959635,0.3659800430094957,-0.9968714923399898,-0.07822893069176323,-0.00913564744371093,-0.0902175949499798,0.0026303992601696274,0.08285466740074307,-0.9965580177173596,0.21669605456976698,0.0,0.0,0.0,1.0,0.7038442327597085,-2.1370732033034163,-0.3269171082209155
0.07871659912877138,-0.9934643087255636,-0.08239330839959635,0.3659800430094957,-0.9968714923399898,-0.07822893069176323,-0.00913564744371093,-0.0902175949499798,0.0026303992601696274,0.08285466740074307,-0.9965580177173596,0.21669605456976698,0.0,0.0,0.0,1.0,0.7038442327597085,-2.1370732033034163,-0.3269171082209155
0.07830439358459701,-0.9934965708655892,-0.08239707889239145,0.36610120159848003,-0.9969039558370348,-0.07781813402778615,-0.009101577726632587,-0.09020971534946128,0.002630399332129857,0.08285466742178832,-0.9965580177154199,0.21500206630686297,0.0,0.0,0.0,1.0,0.454628148929945,-2.2044358019371804,-0.37471337847480385
0.07789515860551882,-0.993528431447542,-0.08240080815494366,0.3662220672240334,-0.9969360157420387,-0.07741029781255193,-0.009067753091341446,-0.09020235503713032,0.0026303994063249236,0.0828546674411594,-0.9965580177136133,0.21330804590081587,0.0,0.0,0.0,1.0,0.49865543272733315,-2.2044828634907674,-0.4261766754198588
0.07748848385953028,-0.9935599258491365,-0.08240450021671158,0.36634274763879315,-0.9969677076447983,-0.07700501311554658,-0.009034139634657823,-0.09019535540543845,0.00263039948555345,0.08285466746393506,-0.9965580177115106,0.21161400505643446,0.0,0.0,0.0,1.0,0.5817001719202004,-2.1327860561552794,-0.4239477066731736
0.07708447425285686,-0.9935910491675028,-0.08240815439045146,0.3664631856220136,-0.9969990266023849,-0.07660238448394241,-0.009000746033337219,-0.09018881882864746,0.002630399567324311,0.08285466748724243,-0.9965580177093568,0.20991993775778217,0.0,0.0,0.0,1.0,0.483275518166155,-2.27359151664443,-0.4609299084116927
0.07668182269250323,-0.9936219045658847,-0.08241178270365285,0.36658365822677225,-0.9970300764194788,-0.07620110929174773,-0.008967464259441182,-0.09018241422683468,0.0026303996558636397,0.08285466751123238,-0.9965580177071285,0.20822587316832658,0.0,0.0,0.0,1.0,0.4018826366741419,-2.2034493079324116,-0.23788620419117565
0.07628045859384625,-0.9936524990751359,-0.0824153859273879,0.36670422764285027,-0.9970608641666256,-0.07580111719542654,-0.008934288480965655,-0.09017613080761595,0.0026303997491814723,0.08285466753592517,-0.9965580177048291,0.20653181748345356,0.0,0.0,0.0,1.0,0.5599510036265295,-2.259692492908124,-0.25239783293675744
0.07588016976144141,-0.9936828503155141,-0.08241896608724597,0.36682499993508505,-0.9970914075712674,-0.07540219672467496,-0.008901201160955077,-0.09016995944938873,0.0026303998460947414,0.08285466756167463,-0.9965580177024326,0.2048377812224168,0.0,0.0,0.0,1.0,0.6852928723757717,-2.296998026920693,-0.12195201109523279
0.075482200121188,-0.9937128660301127,-0.08242251222747166,0.3669459948074582,-0.9971216137863081,-0.0750055875526397,-0.008868305126319663,-0.09016392062477795,0.0026303999467185007,0.08285466758685883,-0.9965580177000729,0.20314376628349212,0.0,0.0,0.0,1.0,0.5115860379952997,-1.7747653782070263,-0.5121642225327566
0.075482200121188,-0.9937128660301127,-0.08242251222747166,0.3669459948074582,-0.9971216137863081,-0.0750055875526397,-0.008868305126319663,-0.09016392062477795,0.0026303999467185007,0.08285466758685883,-0.9965580177000729,0.20314376628349212,0.0,0.0,0.0,1.0,0.536844833796102,-2.0991816197360746,-0.0874037129674437
0.07508587201091005,-0.993742599722169,-0.08242603058568804,0.3670671774187068,-0.9971515366476451,-0.0746106143332515,-0.008835544367704527,-0.09015798182962191,0.002630400050873727,0.08285466761182479,-0.9965580176977221,0.20144976944018267,0.0,0.0,0.0,1.0,0.6374426873675652,-1.9479133278188305,-0.4094734872404196
0.07430146005728477,-0.9938023553476384,-0.08241641017043766,0.3673098644483892,-0.9972102896193817,-0.07382892709077588,-0.008770712960920982,-0.0901463803243532,0.0026316400610846002,0.08283816903419167,-0.9965593860522186,0.1980634623674779,0.0,0.0,0.0,1.0,0.49074722533632664,-1.8786125894067993,-0.19453974888128472
0.07391243092294147,-0.9938317837090015,-0.08241135440407787,0.36743127519868896,-0.997239197950061,-0.0734412496167543,-0.008738564290949272,-0.0901405708927385,0.002632270086285228,0.08282972149742136,-0.9965600865775321,0.1963704353653235,0.0,0.0,0.0,1.0,0.29074202313154474,-1.7700798147216512,-0.1497022765208357
0.07352483230498069,-0.9938609551419861,-0.08240627361919312,0.36755280561965137,-0.9972678482272144,-0.07305499753464101,-0.008706536745823952,-0.09013469364792055,0.002632896810094272,0.08282127382682974,-0.9965607870501889,0.1946774205264396,0.0,0.0,0.0,1.0,0.39828797939844995,-1.707218150103029,-0.17445097223314202
0.07313836552132036,-0.9938898931040595,-0.08240117044362072,0.36767467858940717,-0.9972962640453367,-0.07266987318469803,-0.008674605624543148,-0.0901287135409285,0.0026335202504884705,0.08281282591330708,-0.9965614874792121,0.19298444024686234,0.0,0.0,0.0,1.0,0.3850981556769419,-1.8621351575862064,-0.2367885964070556
0.07313836552132036,-0.9938898931040595,-0.08240117044362072,0.36767467858940717,-0.9972962640453367,-0.07266987318469803,-0.008674605624543148,-0.0901287135409285,0.0026335202504884705,0.08281282591330708,-0.9965614874792121,0.19298444024686234,0.0,0.0,0.0,1.0,0.3649548254072324,-1.6339513180618306,-0.12452399963508896
0.07275682825404356,-0.9939183236640075,-0.08239601207546032,0.3677973780449069,-0.9973241696987997,-0.07228966127974112,-0.008643084683503766,-0.09012236295256244,0.002634140436177594,0.08280437775755362,-0.9965621878644675,0.1912915444958399,0.0,0.0,0.0,1.0,0.32660358233884107,-1.832068514415128,-0.159942439911612
0.07199927035744397,-0.9939733093958538,-0.0823981690991426,0.3680427845354988,-0.9973791450123161,-0.07153470178062449,-0.0085805008251396,-0.09010907311178971,0.002634460347661245,0.08280000524539444,-0.9965625503372575,0.18790435163629893,0.0,0.0,0.0,1.0,0.39293756101395244,-1.8667140208026303,-0.10427967145954668
0.07199927035744397,-0.9939733093958538,-0.0823981690991426,0.3680427845354988,-0.9973791450123161,-0.07153470178062449,-0.0085805008251396,-0.09010907311178971,0.002634460347661245,0.08280000524539444,-0.9965625503372575,0.18790435163629893,0.0,0.0,0.0,1.0,0.4733303064038265,-2.010434956664148,-0.17699665916001037
0.07124848241071186,-0.9940268747329162,-0.08240460608367661,0.3682878588480951,-0.9974330592028727,-0.07078647764940277,-0.008518474233625277,-0.09009525629651212,0.0026344605131934234,0.08280000670004972,-0.9965625502159537,0.18451663767976834,0.0,0.0,0.0,1.0,0.40425390616554124,-1.8428209194994412,-0.24348480665742253
0.0708741746269641,-0.994056065833724,-0.08237525221932018,0.36840913640966244,-0.9974597199895546,-0.07041353380867593,-0.008487558181059507,-0.09008831042493791,0.00263677608685553,0.08276754469343311,-0.9965652408035945,0.1828390600164162,0.0,0.0,0.0,1.0,0.2251323801733146,-1.9110712965294783,-0.20406485883925934
0.0708741746269641,-0.994056065833724,-0.08237525221932018,0.36840913640966244,-0.9974597199895546,-0.07041353380867593,-0.008487558181059507,-0.09008831042493791,0.00263677608685553,0.08276754469343311,-0.9965652408035945,0.1828390600164162,0.0,0.0,0.0,1.0,0.254394007196268,-0.31860367620940266,-0.9290216009999596
0.07050874223186576,-0.9941629814356288,-0.08139268615102302,0.3685034820826073,-0.9974854312310746,-0.0700519700136677,-0.008457738803510279,-0.09008280632273934,0.002706652815518268,0.08178436316956991,-0.9966462247434907,0.18153189160795175,0.0,0.0,0.0,1.0,0.3984484372173726,-1.6511807788055701,0.03862966167868214
0.07012973015347074,-0.994386459243979,-0.07895352529615812,0.3685978683622429,-0.9975116675956385,-0.06968100675885458,-0.008427790463366544,-0.09007721870594063,0.002878919588320275,0.07934810135171107,-0.9968426722363036,0.18021613709621603,0.0,0.0,0.0,1.0,0.059797863961985,-0.20730049256305913,-0.5315016763508669
0.07012973015347074,-0.994386459243979,-0.07895352529615812,0.3685978683622429,-0.9975116675956385,-0.06968100675885458,-0.008427790463366544,-0.09007721870594063,0.002878919588320275,0.07934810135171107,-0.9968426722363036,0.18021613709621603,0.0,0.0,0.0,1.0,-0.0042750886717849435,-0.7529455771743324,-0.4277851028406203
0.06937114671208588,-0.9949564812449434,-0.07214892737962719,0.368781149989715,-0.9975632208958256,-0.06894583231969453,-0.008371966607373639,-0.09006651665007609,0.003355374587611034,0.07255388930478865,-0.9973587330810787,0.1775821166557654,0.0,0.0,0.0,1.0,0.3384804905334443,-1.0729784780412281,-0.30559999222412987
0.0686099011144441,-0.9954973470226289,-0.06506837999071752,0.36895006918103546,-0.9976075190919311,-0.06811745149516557,-0.009759562663437665,-0.09005679129416512,0.005283326521666579,0.0655823077631295,-0.9978330806612907,0.17505558072912986,0.0,0.0,0.0,1.0,0.034426136240526095,-0.34686366520198947,-0.8497818114099165
0.0686099011144441,-0.9954973470226289,-0.06506837999071752,0.36895006918103546,-0.9976075190919311,-0.06811745149516557,-0.009759562663437665,-0.09005679129416512,0.005283326521666579,0.0655823077631295,-0.9978330806612907,0.17505558072912986,0.0,0.0,0.0,1.0,-0.10752817112006532,0.029396193260612574,-0.6487655473755813
0.06821591018577777,-0.9957958371434552,-0.06077332535694341,0.36902668411977324,-0.9976150371032619,-0.0675878327559935,-0.012333836465016314,-0.09005239643633425,0.008174445657620735,0.061469747111399395,-0.9980753876351791,0.17387252317299073,0.0,0.0,0.0,1.0,-0.03347329202378696,0.23964486574867983,-0.5607527026463758
0.06780668632146636,-0.9960944069086779,-0.056163322929135784,0.3691015263174999,-0.9976069308653965,-0.06703005156856784,-0.015600916811876562,-0.09004800858559958,0.011775355546755729,0.057086766687127526,-0.9982997007673531,0.17268906435585824,0.0,0.0,0.0,1.0,0.06348898775577777,0.0226276742401788,-0.4047727166377938
0.06739739404967904,-0.9963641604622283,-0.051692966940874385,0.3691704212078908,-0.997587283115957,-0.06650599293486742,-0.018776986000003548,-0.09004345698171594,0.015270823797752416,0.05283376637125749,-0.9984864856199133,0.17154009179318236,0.0,0.0,0.0,1.0,0.027634704338170668,-0.33920047506836415,-0.350226051619782
0.06651480204564547,-0.9968508937481825,-0.04266322840894571,0.36930224593822414,-0.9975104590778401,-0.06547445334329022,-0.025337767469935345,-0.0900293035389828,0.02246462459005303,0.04424235314349159,-0.998768164531372,0.1691559590061077,0.0,0.0,0.0,1.0,-0.26222263443571486,1.089548765811786,-1.0369016741288555
0.06651480204564547,-0.9968508937481825,-0.04266322840894571,0.36930224593822414,-0.9975104590778401,-0.06547445334329022,-0.025337767469935345,-0.0900293035389828,0.02246462459005303,0.04424235314349159,-0.998768164531372,0.1691559590061077,0.0,0.0,0.0,1.0,0.19128394737177495,-0.3821112757256092,-0.5558243211219891
0.06568049080232319,-0.9971064044500583,-0.037695464997790196,0.3694270629304556,-0.9973556612451147,-0.06445249983796197,-0.03291811280348783,-0.09000621468900712,0.03039329414710518,0.039757863224032325,-0.9987469398041013,0.16670399383188927,0.0,0.0,0.0,1.0,-0.10703354981575969,-0.5929260323455242,-0.6993150468299681
0.06568049080232319,-0.9971064044500583,-0.037695464997790196,0.3694270629304556,-0.9973556612451147,-0.06445249983796197,-0.03291811280348783,-0.09000621468900712,0.03039329414710518,0.039757863224032325,-0.9987469398041013,0.16670399383188927,0.0,0.0,0.0,1.0,-0.11540824825541152,-1.9796956545230593,0.055953718055625525
0.0653076273843669,-0.9971597217653064,-0.03692502285973326,0.3694865463492278,-0.9972405075976204,-0.0639376672922991,-0.03714026962804812,-0.0899912280993648,0.034673881102226745,0.039248671429517594,-0.9986276298294396,0.16547802889988328,0.0,0.0,0.0,1.0,-0.0701510145192914,-0.674321804032638,-0.4324173860111561
0.06493755818952857,-0.9972103778382667,-0.036202593305835196,0.3695448036046097,-0.9971065331161999,-0.06342900822397518,-0.041368974639054035,-0.08997307975033786,0.03895727624206766,0.03878424249886177,-0.9984878467839484,0.16425204178700803,0.0,0.0,0.0,1.0,-0.1546162765569838,-0.4271686708863494,-0.19878208473746586
0.06456133140748327,-0.9972607090329494,-0.035481859117568404,0.36960151923012,-0.9969544451111237,-0.06291926548436133,-0.04559699677297188,-0.08995053366038215,0.043239600817890064,0.038317599987912204,-0.9983295806289858,0.16302606149837595,0.0,0.0,0.0,1.0,-0.5128212077353617,-0.7271879256230401,-0.2483762681793022
0.06456133140748327,-0.9972607090329494,-0.035481859117568404,0.36960151923012,-0.9969544451111237,-0.06291926548436133,-0.04559699677297188,-0.08995053366038215,0.043239600817890064,0.038317599987912204,-0.9983295806289858,0.16302606149837595,0.0,0.0,0.0,1.0,-0.6175009136446733,-0.5452637212573376,-0.6858138337297854
0.06381086395934688,-0.9973547004952502,-0.03417339097130573,0.36969449844010005,-0.9966625960237552,-0.06195981815325147,-0.05273298028999379,-0.08990208064310201,0.05047610867308664,0.03742427759185193,-0.9980237532941074,0.16094754017881402,0.0,0.0,0.0,1.0,-0.6175009136446733,-0.5452637212573376,-0.6858138337297854
0.06344606723699392,-0.9973987389532204,-0.03356182166453159,0.36973515236577736,-0.9965475355885093,-0.06152962641826054,-0.055346575364183616,-0.08987596045196239,0.05313755812468118,0.03695747321154327,-0.9979029816179603,0.16001054578011042,0.0,0.0,0.0,1.0,-0.48566707875755394,-0.8978457759497404,-0.7048760983375075
0.06308065496448362,-0.9974422806695987,-0.032951019723993835,0.3697753673002964,-0.9964243738958084,-0.06110108299733019,-0.05797643397882647,-0.08984862997432319,0.05581480354192872,0.0364903906255985,-0.9977740041724116,0.15907343927820028,0.0,0.0,0.0,1.0,-0.4453151556042354,-0.24324489803418595,-0.5672854598938266
0.0627136929318085,-0.9974853792872282,-0.03234116685881061,0.3698151312438303,-0.9962938846346945,-0.06067378969732018,-0.06060810630938754,-0.0898201352422329,0.058493438753342675,0.03602226493164855,-0.9976375626327433,0.15813634986006186,0.0,0.0,0.0,1.0,-0.6686725492294785,-0.42715553160615416,-0.5545856020881416
0.062342577533985755,-0.997528192255263,-0.031732431559694074,0.36985430588799434,-0.9961563330597518,-0.06024521056174098,-0.06323958347461729,-0.08979028325681218,0.06117154036146097,0.03555298129755778,-0.9974937633234936,0.15719928429468671,0.0,0.0,0.0,1.0,-0.19808994083763248,-0.6531076912296493,-0.32297056758683484
0.062342577533985755,-0.997528192255263,-0.031732431559694074,0.36985430588799434,-0.9961563330597518,-0.06024521056174098,-0.06323958347461729,-0.08979028325681218,0.06117154036146097,0.03555298129755778,-0.9974937633234936,0.15719928429468671,0.0,0.0,0.0,1.0,-0.19203801643963708,-0.5822065760256304,-0.0985974150190483
0.06197150810706453,-0.9975696116473151,-0.031151870321295183,0.36988954139181035,-0.996006164483012,-0.05981483936299781,-0.06595521929153453,-0.08976087934388029,0.06393157837564434,0.03511479928221396,-0.9973361870621614,0.15633554952957374,0.0,0.0,0.0,1.0,-1.0233099440320046,1.4141429559497056,-1.0920918681506884
0.061231028180139146,-0.9976569285740998,-0.029790054174761327,0.36992727460637737,-0.9955372296626521,-0.05890847182864739,-0.0734278406663605,-0.08972564592819744,0.07150090742390183,0.034153170185690813,-0.996855508530369,0.15539271223682277,0.0,0.0,0.0,1.0,-0.790412811974399,0.14592147313144255,-0.24769282044952853
0.060871760593150304,-0.9976853102462901,-0.02957504338116229,0.3699484049484139,-0.9952609808230275,-0.058428142644663394,-0.07744669368900066,-0.0897029965702697,0.07553941376726332,0.03414920328038721,-0.996557738641191,0.15485500281323938,0.0,0.0,0.0,1.0,-0.5648968998691448,-0.7982956478305611,-0.5521236964685335
0.0605845867759332,-0.9976885036619481,-0.03005314410248966,0.3699719628128561,-0.9950541733819944,-0.058003814368341566,-0.08036807828484009,-0.0896760304944265,0.07843911077448258,0.03477357327529567,-0.9963120899208022,0.1542519830078109,0.0,0.0,0.0,1.0,-0.6435122173708792,-0.35680385129316416,-0.5785952584061316
0.060372529431820754,-0.9976571683655064,-0.031486027754523915,0.36999536591528476,-0.9949048411271373,-0.057603102504802495,-0.08247747118590966,-0.08964755863324231,0.08047054747306942,0.03630497499747275,-0.9960954255506942,0.15365046328000215,0.0,0.0,0.0,1.0,-0.4918983660192763,-1.4028286416531328,0.03296047164042273
0.06017492165801591,-0.9976173255342915,-0.033086144968936804,0.3700187324878524,-0.9948495421210893,-0.057242431136241056,-0.08339060410972939,-0.08961781832398366,0.08129798007168904,0.03793375924221624,-0.9959675266580275,0.15304906849469818,0.0,0.0,0.0,1.0,-0.20913539191236818,-1.2304054884458588,0.051124636184860156
0.06017492165801591,-0.9976173255342915,-0.033086144968936804,0.3700187324878524,-0.9948495421210893,-0.057242431136241056,-0.08339060410972939,-0.08961781832398366,0.08129798007168904,0.03793375924221624,-0.9959675266580275,0.15304906849469818,0.0,0.0,0.0,1.0,-0.20285319187880163,-1.0821410272016363,0.15217983240348862
0.05998821866634657,-0.9975740280526924,-0.03469177649819538,0.3700425418183158,-0.9948050365349976,-0.056895226749230865,-0.08415567915103564,-0.08958682998716126,0.0819777233440101,0.039559903269678405,-0.9958485338192888,0.15244779012263382,0.0,0.0,0.0,1.0,-0.44590307786245986,-1.890928264010343,0.45192021443662667
0.059628861050737114,-0.9974755662675026,-0.03798619941695891,0.3700877643031561,-0.99470208636835,-0.056194723835496896,-0.08582674852905231,-0.08952690057603102,0.08347546060411881,0.04290270307572873,-0.995585665772055,0.15132834412312585,0.0,0.0,0.0,1.0,-0.3936511814504837,-1.7598762830034158,0.5405927119025624
0.059491220956871926,-0.9974009986840808,-0.04010121491811214,0.3700984193716152,-0.9945536616708339,-0.05579199476671737,-0.0877872469718598,-0.08951258529411366,0.08532176102860878,0.04510538064105597,-0.9953317496348606,0.15107102290085678,0.0,0.0,0.0,1.0,-0.40209875318946897,-1.1411149554362803,-0.008827222535927694
0.05939432582399473,-0.9973000995097172,-0.042672004016349074,0.3701093282274767,-0.9943260456789831,-0.05534055892594092,-0.0906062520256519,-0.08949779058226644,0.08800013160863038,0.04781138226927662,-0.9949721640162063,0.15080913593630912,0.0,0.0,0.0,1.0,-0.29213390231276465,-1.952247027302938,0.16753981385100214
0.0593052212545494,-0.9971916401311641,-0.04525271172737888,0.37012034304039304,-0.9940883394372918,-0.05488006533269213,-0.09345014896796607,-0.08948264950445116,0.09070423554378768,0.05052727481692026,-0.99459502398674,0.15054704876859298,0.0,0.0,0.0,1.0,-0.22426450629587127,-1.9558783303369367,0.07680729487634345
0.05922877064472509,-0.9970757762721849,-0.0478324576069834,0.3701316943889487,-0.9938436466146807,-0.05441815335038397,-0.09628017873056065,-0.08946649929665645,0.09339567993421591,0.053240540718332015,-0.9942042965019249,0.1502850579211138,0.0,0.0,0.0,1.0,-0.28222612710373407,-1.586997842565931,-0.35280210396740835
0.05922877064472509,-0.9970757762721849,-0.0478324576069834,0.3701316943889487,-0.9938436466146807,-0.05441815335038397,-0.09628017873056065,-0.08946649929665645,0.09339567993421591,0.053240540718332015,-0.9942042965019249,0.1502850579211138,0.0,0.0,0.0,1.0,-0.4419312050832933,-1.8195995363175101,-0.020991749354152343
0.0591614051247038,-0.9969526965859873,-0.05041185343484528,0.37014320795859573,-0.993591162382512,-0.05395066578245744,-0.09910779059282807,-0.08944993320664851,0.09608602602806178,0.055952128202461295,-0.993798918734103,0.15002311233166027,0.0,0.0,0.0,1.0,-0.5404733351473336,-1.252446299088103,-0.6354126432598366
0.05912742402355342,-0.9966348507967985,-0.056383118229233864,0.3701670121300462,-0.993063264741162,-0.05298934224368479,-0.10475666549995542,-0.08941500306047855,0.10141643934190316,0.062185995245319536,-0.9928982752588901,0.14949943120534076,0.0,0.0,0.0,1.0,-0.06616575221014376,-2.5749070791696362,-0.12036746785533751
0.05912742402355342,-0.9966348507967985,-0.056383118229233864,0.3701670121300462,-0.993063264741162,-0.05298934224368479,-0.10475666549995542,-0.08941500306047855,0.10141643934190316,0.062185995245319536,-0.9928982752588901,0.14949943120534076,0.0,0.0,0.0,1.0,-0.24907611769186888,-2.34662816398817,-0.36691243555352354
0.05917038834762284,-0.996242422229602,-0.0628972940725323,0.3701912627001113,-0.992542049579384,-0.05200251862697286,-0.11005700847307659,-0.08937893894075914,0.1063726429979686,0.06894032510347795,-0.9919331556532982,0.14898216307560308,0.0,0.0,0.0,1.0,-0.3427493685472778,-1.6385104456866622,-0.8363404055759126
0.059243966053500186,-0.9960014378926814,-0.06653929106463469,0.370200243585237,-0.9924256486913254,-0.05159665457756352,-0.11129086357519759,-0.08936538949676831,0.10741265532831712,0.07262861124199482,-0.9915577978258767,0.1487970234102574,0.0,0.0,0.0,1.0,-0.11828220335787992,-1.7807746187694031,-1.245637044791033
0.059243966053500186,-0.9960014378926814,-0.06653929106463469,0.370200243585237,-0.9924256486913254,-0.05159665457756352,-0.11129086357519759,-0.08936538949676831,0.10741265532831712,0.07262861124199482,-0.9915577978258767,0.1487970234102574,0.0,0.0,0.0,1.0,0.08540279590272976,-2.366627503857896,-1.4401007780372868
0.05935509294173319,-0.9957254037980173,-0.07045641093140642,0.37020949379774337,-0.9924309767756033,-0.05127715899899582,-0.11139097603285597,-0.08935141457280542,0.10730202000394247,0.0765347464560595,-0.9912759175008302,0.14861463991151652,0.0,0.0,0.0,1.0,0.02816055362141001,-3.214235526604161,-1.164719618206634
0.05945478348353217,-0.9954418945593644,-0.07427516588282523,0.37021899487316334,-0.9924608677552925,-0.050975168054636755,-0.11126318890129235,-0.08933715080929332,0.10696985049145583,0.0803303243905507,-0.9910114542872823,0.14843223558092278,0.0,0.0,0.0,1.0,0.016857601846837156,-2.180192824576478,-1.8136267744169126
0.05964366634967888,-0.9948313555859202,-0.08191151618001635,0.37023918573476927,-0.9925181981895346,-0.05036349217110553,-0.11103009333967664,-0.08930831561789948,0.10633086826408611,0.08792091229188793,-0.99043567276733,0.1480675493960109,0.0,0.0,0.0,1.0,-0.050337078144444825,-2.429927614874999,-1.9051100550062623
0.05964366634967888,-0.9948313555859202,-0.08191151618001635,0.37023918573476927,-0.9925181981895346,-0.05036349217110553,-0.11103009333967664,-0.08930831561789948,0.10633086826408611,0.08792091229188793,-0.99043567276733,0.1480675493960109,0.0,0.0,0.0,1.0,0.08777812516047123,-2.3605062263396968,-2.233332307616498
0.059800735860540244,-0.9941851880998298,-0.0893086164020871,0.37025334360084816,-0.9924824795244764,-0.049668156600934155,-0.11166084786574373,-0.08928878692670088,0.10657576669351934,0.09531463791882709,-0.98972512653274,0.1478213842570001,0.0,0.0,0.0,1.0,-0.18643049597849282,-2.7346685662066017,-2.0425083960466037
0.05976901364036147,-0.9939447912378166,-0.09196620786931892,0.3702691712488677,-0.9924025179223446,-0.04926310646589299,-0.11254750286058965,-0.08926775550160432,0.10733546314557565,0.09799434948694521,-0.9893812592777279,0.14756024481055902,0.0,0.0,0.0,1.0,-0.21368973400506686,-0.7690397672397734,-3.0513325634926587
0.05976901364036147,-0.9939447912378166,-0.09196620786931892,0.3702691712488677,-0.9924025179223446,-0.04926310646589299,-0.11254750286058965,-0.08926775550160432,0.10733546314557565,0.09799434948694521,-0.9893812592777279,0.14756024481055902,0.0,0.0,0.0,1.0,0.3049200215876135,-2.468932853130594,-1.8675104616989682
0.059705566390719444,-0.9937263030387893,-0.09433804029339105,0.3703128921789448,-0.9924680245750594,-0.04898948079446319,-0.11208834937736661,-0.0892109694327415,0.10676356942735028,0.10031978687764076,-0.9892100566044908,0.14685328190706903,0.0,0.0,0.0,1.0,0.28049542051841764,-2.6772378460295947,-1.977607953431784
0.0596137545194626,-0.9935251463527568,-0.0964903506395326,0.37035762760162894,-0.9926696585882586,-0.048845588458391764,-0.11035210695542426,-0.08915368939008833,0.10492446525567839,0.10236154684115217,-0.9891976671646364,0.14614234309063756,0.0,0.0,0.0,1.0,0.04353029673849074,-2.6841313194463345,-2.3274822625020346
0.05941767657672309,-0.9931076780598324,-0.10081230551740655,0.37045093637470156,-0.9931058263606611,-0.048610807238936904,-0.10646266980327815,-0.08903887190226296,0.10082832725756477,0.1064430524600532,-0.9891928927133591,0.14472492800981335,0.0,0.0,0.0,1.0,0.0005636946462261316,-2.3544313740349976,-2.2823259239232834
0.05941767657672309,-0.9931076780598324,-0.10081230551740655,0.37045093637470156,-0.9931058263606611,-0.048610807238936904,-0.10646266980327815,-0.08903887190226296,0.10082832725756477,0.1064430524600532,-0.9891928927133591,0.14472492800981335,0.0,0.0,0.0,1.0,-0.11539808337147922,-2.787449358535422,-2.187676432569439
0.0590974326033063,-0.9927922911390258,-0.10405494127141973,0.37054741607260555,-0.9934249018781673,-0.048277327846373674,-0.10359889220151958,-0.08892374913275253,0.0978286870344161,0.10949319837215507,-0.9891611793492602,0.1433079133974972,0.0,0.0,0.0,1.0,-0.16088116791103957,-3.5548556029221676,-1.9213097596979605
0.0590974326033063,-0.9927922911390258,-0.10405494127141973,0.37054741607260555,-0.9934249018781673,-0.048277327846373674,-0.10359889220151958,-0.08892374913275253,0.0978286870344161,0.10949319837215507,-0.9891611793492602,0.1433079133974972,0.0,0.0,0.0,1.0,-0.25585674529641694,-3.141572080279529,-2.0822660863392186
0.05887372178862654,-0.9926970994373197,-0.10508488863220533,0.37059715334406945,-0.9936711539163045,-0.048214973985247045,-0.10123931751002618,-0.0888659956498079,0.09543331166957249,0.11038015795948546,-0.9892966020214874,0.1425995677197076,0.0,0.0,0.0,1.0,-0.12915723018144812,-2.6183981936177148,-2.142001889809199
0.05864945247906206,-0.9926004585508241,-0.10611814726624413,0.37064812087556015,-0.9939102490760546,-0.048154656380882954,-0.09889373309001875,-0.08880830242243107,0.09305188189557359,0.11127197748022224,-0.9894235535786987,0.14189133500449025,0.0,0.0,0.0,1.0,-0.1648056686893978,-3.2830228002237076,-2.0643221954605218
0.058423183164248105,-0.9925028584954689,-0.10715086098576337,0.37069991639237626,-0.9941435057766981,-0.04809671213840444,-0.09654947247622243,-0.08875070676143144,0.09067202330266591,0.11216406010226819,-0.9895437799079799,0.14118317436477662,0.0,0.0,0.0,1.0,-0.2332449864315222,-3.1220504051594595,-2.01643950611246
0.058423183164248105,-0.9925028584954689,-0.10715086098576337,0.37069991639237626,-0.9941435057766981,-0.04809671213840444,-0.09654947247622243,-0.08875070676143144,0.09067202330266591,0.11216406010226819,-0.9895437799079799,0.14118317436477662,0.0,0.0,0.0,1.0,-0.32558232380120766,-2.2101752015248164,-2.4854889039753956
0.05791330034079134,-0.992375515639965,-0.10859741616863428,0.3708064259296946,-0.9945503020943972,-0.04793475391370833,-0.09234893332154154,-0.08863638204937759,0.08643922990405753,0.11335382456878838,-0.9897869850204487,0.1397670573371298,0.0,0.0,0.0,1.0,-0.3219951370905827,-3.215634590527557,-1.5991726110672744
0.05734889991101666,-0.992316004011079,-0.10943753067281009,0.3709148462950389,-0.9949022513551808,-0.047728892101984055,-0.08858782464099473,-0.08852278403738599,0.08268378405839598,0.11396005993780148,-0.9900381933065079,0.13835105879120302,0.0,0.0,0.0,1.0,-0.22334194344404054,-3.4669387024553324,-1.4905143361386068
0.05734889991101666,-0.992316004011079,-0.10943753067281009,0.3709148462950389,-0.9949022513551808,-0.047728892101984055,-0.08858782464099473,-0.08852278403738599,0.08268378405839598,0.11396005993780148,-0.9900381933065079,0.13835105879120302,0.0,0.0,0.0,1.0,-0.13150549124075742,-3.6967781221175064,-1.2583700035713583
0.05706895864241024,-0.9922858081717164,-0.10985688036975372,0.3709698581905144,-0.9950726598921642,-0.04763026007316584,-0.08670689083643802,-0.08846657212829784,0.08080550546485363,0.11426385012414278,-0.9901582605406589,0.13764308002039077,0.0,0.0,0.0,1.0,-0.21204891324344785,-3.838451152050639,-1.0033072233798672
0.056792014004414026,-0.9922552802690676,-0.11027536117119802,0.3710256355594216,-0.9952392609175162,-0.04753598609613391,-0.08482602439489337,-0.08841094908238031,0.07892702257468548,0.11456780971480868,-0.9902746539742995,0.13693512011676828,0.0,0.0,0.0,1.0,-0.18141451122711602,-3.5037951796526388,-1.1212490252786824
0.056792014004414026,-0.9922552802690676,-0.11027536117119802,0.3710256355594216,-0.9952392609175162,-0.04753598609613391,-0.08482602439489337,-0.08841094908238031,0.07892702257468548,0.11456780971480868,-0.9902746539742995,0.13693512011676828,0.0,0.0,0.0,1.0,-0.053965810901676736,-4.257377198280847,-0.8205258159902706
0.05633531060404667,-0.9920563544643252,-0.11228121547680175,0.3711387614272624,-0.9955909107393186,-0.047406155324678234,-0.08067016477457019,-0.08830150764124656,0.07470652883935955,0.11633073636452188,-0.990396513102856,0.1355191716952232,0.0,0.0,0.0,1.0,0.2126791046075171,-5.043874724637455,-0.9834123823490811
0.05624062936066393,-0.9917453022758796,-0.11504270359488544,0.3711961760081529,-0.9958048353100406,-0.04742639547873484,-0.07797261536640007,-0.08824770475057049,0.07187291423815739,0.11894530946802992,-0.9902956364654459,0.13481119113786505,0.0,0.0,0.0,1.0,0.2126791046075171,-5.043874724637455,-0.9834123823490811
0.056159998572023306,-0.9913967414724413,-0.11804729139110176,0.37125427458133203,-0.9960161388054425,-0.047468001902608026,-0.07519895678030404,-0.0881944496703518,0.06894853166176981,0.12180018067320572,-0.9901565299963325,0.13410323609968777,0.0,0.0,0.0,1.0,0.1514910852686857,-4.1427055757917906,-1.5789262283137524
0.05607203162510355,-0.9910414171443156,-0.12103501829828545,0.3713132672143446,-0.9962191217876386,-0.047520040211856296,-0.07242604652677555,-0.0881418721409985,0.0660256228514785,0.1246384752059993,-0.9900025212745851,0.13339531440402175,0.0,0.0,0.0,1.0,0.14461187346196244,-3.977930918679917,-1.514032121641743
0.05595100302137879,-0.990731893634266,-0.12359800430605189,0.3713735585378187,-0.996411772385646,-0.04757859529845887,-0.0696854721909973,-0.088090300001309,0.06315900039600994,0.12705347859902646,-0.9898825527794086,0.13268744433896562,0.0,0.0,0.0,1.0,0.36672335865072697,-2.5769605424881776,-2.387009009107521
0.05582813816679866,-0.9904195130172124,-0.1261312868991824,0.37143596655208333,-0.9965756569921984,-0.04760722388863747,-0.06728079625142029,-0.08804029068963849,0.06063145304397064,0.12945553169792082,-0.9897293533693596,0.13197967247613762,0.0,0.0,0.0,1.0,0.43662806015422934,-4.0337765892984345,-1.7736541699547732
0.05582813816679866,-0.9904195130172124,-0.1261312868991824,0.37143596655208333,-0.9965756569921984,-0.04760722388863747,-0.06728079625142029,-0.08804029068963849,0.06063145304397064,0.12945553169792082,-0.9897293533693596,0.13197967247613762,0.0,0.0,0.0,1.0,0.5011506869013895,-4.7957491372215975,-1.428565264218822
0.05557112847261014,-0.9897759598987764,-0.13119508580618588,0.37156554186736424,-0.9968851021532086,-0.04769092749175102,-0.062464665708406114,-0.08794342334813575,0.05556920913683698,0.13425765847897914,-0.9893866862851168,0.13056441753731524,0.0,0.0,0.0,1.0,0.6039230621125272,-4.640832930348335,-1.4331764533065448
0.05543692469258349,-0.9894411233392086,-0.13375272819268025,0.3716322931743543,-0.9970302251722694,-0.047743281754871025,-0.060062152044551904,-0.0878962559397876,0.05304216900154602,0.13668517370712163,-0.9891929769224972,0.12985692197489634,0.0,0.0,0.0,1.0,0.6620916641492017,-3.938887553867836,-1.590206668279758
0.05530621128473745,-0.9890775539171905,-0.13646841794601305,0.37170001417943604,-0.9971295715196775,-0.047695047136809,-0.058428969969731265,-0.08784977257281884,0.051281915068941905,0.13930818007077198,-0.9889198280809158,0.1291494889756446,0.0,0.0,0.0,1.0,0.45374949908026696,-4.494681428218195,-1.4463755816666128
0.05517059660899171,-0.9887552914970428,-0.13883811177629113,0.3717644853435666,-0.9972088559966625,-0.04762190208472811,-0.057120834763672815,-0.08780654551926576,0.04986679266267068,0.1416019851458876,-0.9886663688799651,0.12848372671971026,0.0,0.0,0.0,1.0,0.2105779541640197,-4.683391437398701,-1.4626602790179182
0.055010518425888055,-0.9883909639758216,-0.14147091625093183,0.37183819181192734,-0.9973608093864724,-0.04773779293307673,-0.05430140883995927,-0.08775861680531492,0.046917512522532935,0.14408469618821762,-0.9884519901609371,0.12773483855877799,0.0,0.0,0.0,1.0,1.0447982793930364,-4.170051527704296,-1.8662517007053316
0.055010518425888055,-0.9883909639758216,-0.14147091625093183,0.37183819181192734,-0.9973608093864724,-0.04773779293307673,-0.05430140883995927,-0.08775861680531492,0.046917512522532935,0.14408469618821762,-0.9884519901609371,0.12773483855877799,0.0,0.0,0.0,1.0,0.9588182477186415,-3.98590998842213,-1.568915986057034
0.05485158703065396,-0.988041568793817,-0.1439516163343823,0.37190972512158826,-0.9975059014082459,-0.04788407336570877,-0.05143153504098602,-0.08771509322987509,0.04392350480970206,0.14641368813122274,-0.9882473017206,0.12702766730594084,0.0,0.0,0.0,1.0,0.559644113036577,-3.684969085064176,-1.9989203953294057
0.05451004966503126,-0.9873179782818307,-0.1489591719325607,0.3720569575689856,-0.9977690729549834,-0.04818864392203892,-0.04572546203603156,-0.08763323025410413,0.037967430238237336,0.15111935209383362,-0.9877855775515034,0.12561349125072724,0.0,0.0,0.0,1.0,0.599331109917175,-3.7143508648604455,-1.983776117829578
0.054324860867143276,-0.9869595428573874,-0.15138253842310612,0.37213243950654,-0.9978754607665827,-0.04829659399943137,-0.04322129374614646,-0.08759463365767686,0.03534640732057747,0.1534089110502294,-0.9875298713595889,0.12490649454965719,0.0,0.0,0.0,1.0,0.2777512530498367,-3.418119153251488,-1.1714885764616256
0.05412891175813683,-0.9866211461750185,-0.15364181671346105,0.37220880667642875,-0.997982804289131,-0.048447641186926294,-0.04048721724665014,-0.08755698421129195,0.03250196107788572,0.15552342010945297,-0.9872968030924691,0.1241995569315067,0.0,0.0,0.0,1.0,0.6381332155104604,-4.001741527135778,0.22650062295719509
0.0539287337058888,-0.9862775716982577,-0.15590159408651683,0.3722841585743616,-0.9980821413254104,-0.04860633059316777,-0.03775606896290442,-0.08752102763496283,0.02966015959143424,0.15763873385079732,-0.9870507444998718,0.12350950736954858,0.0,0.0,0.0,1.0,0.6198323654660359,-3.450290456044355,0.8143553002913342
0.05372519441213286,-0.9859290619206101,-0.15815999288957933,0.3723513560839718,-0.99817351149557,-0.04877396327119404,-0.03502555724163597,-0.08749023389764626,0.026818625110324096,0.15975287035290595,-0.9867920890385579,0.12290068640658525,0.0,0.0,0.0,1.0,0.8793174394592752,-3.515130976019056,1.3087233411990211
0.05372519441213286,-0.9859290619206101,-0.15815999288957933,0.3723513560839718,-0.99817351149557,-0.04877396327119404,-0.03502555724163597,-0.08749023389764626,0.026818625110324096,0.15975287035290595,-0.9867920890385579,0.12290068640658525,0.0,0.0,0.0,1.0,0.78096449458478,-3.284317910218311,1.707858796759898
0.053517855923564506,-0.9855756503457092,-0.16041696664977095,0.37240705925545775,-0.9982569415110546,-0.04895011132048849,-0.03229559480489875,-0.08746656746711391,0.023977323477938253,0.1618657414840156,-0.9865208519677038,0.12240196033686801,0.0,0.0,0.0,1.0,0.8231854017845439,-2.694515527715377,1.9309967205943845
0.053084058870537076,-0.9848288349095855,-0.16508010802116824,0.3724922575315476,-0.9983844351109658,-0.049174383045878456,-0.027684431117368034,-0.08743410924758288,0.019146713577364347,0.16628301236600285,-0.9858915407941318,0.12165012278095222,0.0,0.0,0.0,1.0,0.8180562407695785,-2.371204857136753,2.2566501733785955
0.05285786460654768,-0.9844818313482555,-0.16720883487973354,0.3725255423280156,-0.9984067869770037,-0.04898391069395508,-0.02721196457616155,-0.08742261519606177,0.01859914208553423,0.16838080192568822,-0.9855458967100759,0.12136052566677535,0.0,0.0,0.0,1.0,0.5498832445657345,-2.907853603714055,2.216914996476885
0.05263208618216575,-0.9841573564657502,-0.16917864801743798,0.37255540956526734,-0.9984097056307958,-0.04862550468405713,-0.027742532044498,-0.08741261953533208,0.019076619856965113,0.1703697515035838,-0.9851948725865112,0.12110251745303346,0.0,0.0,0.0,1.0,0.4077760892654823,-2.7188631895400075,1.884300021854468
0.05241048109951163,-0.983829315682611,-0.17114409787036117,0.37258907747251213,-0.9984112557599315,-0.04826172429130132,-0.02831607040112628,-0.08740164396569233,0.01959847090005787,0.1723562525432188,-0.9848390213233726,0.12081534223657964,0.0,0.0,0.0,1.0,0.6760213444798763,-2.4804142142012355,2.0626251992940454
0.05241048109951163,-0.983829315682611,-0.17114409787036117,0.37258907747251213,-0.9984112557599315,-0.04826172429130132,-0.02831607040112628,-0.08740164396569233,0.01959847090005787,0.1723562525432188,-0.9848390213233726,0.12081534223657964,0.0,0.0,0.0,1.0,0.7371911701151552,-2.874777416182527,2.802468416376228
0.05219155099661921,-0.9834931456984097,-0.17313170605866685,0.37262614401886146,-0.998412503095377,-0.04789918332180487,-0.028882050259306617,-0.08738970855111285,0.020112431136424108,0.17436425901020217,-0.9844751086391339,0.12050450433893517,0.0,0.0,0.0,1.0,0.6224753915404575,-3.444992365193715,3.6744838168934106
0.051989595271027644,-0.9830172606813867,-0.1758735414147818,0.37265349374001877,-0.9984249179444077,-0.04763637241372659,-0.028887543893216072,-0.08738097501477557,0.02001897674916704,0.17709837787102822,-0.983988824752619,0.1202779063958398,0.0,0.0,0.0,1.0,0.8088251038359505,-2.7218575758781802,3.2481830433580767
0.05160808712429327,-0.9818441373463018,-0.18241752619756313,0.37266172783038587,-0.9984677686884679,-0.047286004303149276,-0.027967433319224043,-0.08737840011674942,0.0188338645123559,0.18358136608753262,-0.9828233151535914,0.12021113913927473,0.0,0.0,0.0,1.0,0.7174945258609854,-2.7176504611502934,3.086777233437294
0.05160808712429327,-0.9818441373463018,-0.18241752619756313,0.37266172783038587,-0.9984677686884679,-0.047286004303149276,-0.027967433319224043,-0.08737840011674942,0.0188338645123559,0.18358136608753262,-0.9828233151535914,0.12021113913927473,0.0,0.0,0.0,1.0,0.6094284122546906,-2.0114617285964513,2.3136488117535143
0.05120729821741066,-0.9807668782711353,-0.18823309091090995,0.3726897237610118,-0.9985187195307161,-0.04704512419736634,-0.026516941705353105,-0.08737016947679202,0.017151488997698958,0.1893121258513903,-0.9817663445488035,0.11999320118276435,0.0,0.0,0.0,1.0,0.5362021004581827,-1.7974616673860015,2.611663820161329
0.0509884075954361,-0.980389069320255,-0.19024994627639785,0.3727179674144561,-0.9985499010613434,-0.04700669427122178,-0.02538677537840234,-0.08736222487221867,0.015945896026543255,0.19126849628175074,-0.9814073922575244,0.11977940459128267,0.0,0.0,0.0,1.0,0.8610936389559435,-2.435766949923111,3.163128279391187
0.0509884075954361,-0.980389069320255,-0.19024994627639785,0.3727179674144561,-0.9985499010613434,-0.04700669427122178,-0.02538677537840234,-0.08736222487221867,0.015945896026543255,0.19126849628175074,-0.9814073922575244,0.11977940459128267,0.0,0.0,0.0,1.0,0.9785689675661112,-2.4470674500774625,3.174032189953063
0.050767247129833604,-0.9800048115060499,-0.19227812458781718,0.37273512362387906,-0.9985776588256984,-0.04694394426181736,-0.024391510638153726,-0.08735758512496984,0.014877504221874394,0.19324292934273563,-0.9810372964438103,0.119651383078824,0.0,0.0,0.0,1.0,0.8735024576171788,-2.663765539040232,3.002950911232508
